0.20016060293352167
0.2009635523826494
0.20176639360059134
0.20256912729687637
0.20337175427956922
0.2041742754633964
0.20497669187845902
0.20577900467956778
0.20658121515623473
0.2073833247433663
0.20818533503268943
0.20898724778496014
0.20978906494299276
0.21059078864555492
0.2113924212421785
0.21219396530892642
0.21299542366517188
0.2137967993914318
0.2145980958483138
0.21539931669662105
0.2162004659186727
0.21700154784088976
0.21780256715770374
0.21860352895683755
0.21940443874601723
0.22020530248116454
0.22100612659612429
0.221806918033979
0.22260768428000066
0.22340843339628802
0.22420917405813579
0.22500991559217898
0.2258106680163503
0.22661144208169026
0.22741224931603443
0.22821310206960943
0.22901401356254825
0.2298149979343429
0.2306160702952318
0.23141724677951547
0.23221854460078428
0.23301998210902553
0.23382157884956745
0.23462335562380354
0.23542533455161974
0.23622753913543404
0.23702999432573746
0.2378327265880007
0.23863576397079322
0.23943913617492907
0.2402428746234362
0.24104701253210448
0.2418515849803493
0.2426566289820793
0.2434621835562376
0.24426828979662885
0.24507499094061758
0.24588233243623514
0.24669036200718342
0.2474991297151805
0.2483086880190406
0.24911909182982805
0.24993039856137256
0.25074266817537305
0.2515559632202644
0.25237034886295784
0.2531858929125157
0.2540026658347463
0.25482074075666206
0.25564019345967837
0.25646110236037667
0.25728354847760215
0.2581076153846231
0.2589333891450336
0.2597609582310474
0.260590413422805
0.2614218476873087
0.26225535603558314
0.26309103535669265
0.2639289842272634
0.2647693026952209
0.2656120920365219
0.2664574544837741
0.26730549292575456
0.2681563105770237
0.2690100106170099
0.269866695798207
0.2707264680233865
0.27158942789207074
0.2724556742168771
0.2733253035107661
0.2741984094466974
0.2750750822917034
0.2759554083179552
0.27683946919398705
0.27772734135987776
0.27861909539084095
0.27951479535434665
0.28041449816657327
0.2813182529546381
0.2822261004316964
0.28313807229257004
0.28405419063807114
0.28497446743660704
0.2858989040319375
0.2868274907061108
0.28776020630658894
0.28869701794636793
0.2896378807854991
0.29058273790179245
0.2915315202576343
0.29248414676878376
0.29344052447972313
0.29440054884864186
0.29536410414347225
0.29633106394857545
0.29730129177976905
0.29827464180341257
0.2992509596533035
0.3002300833372197
0.3012118442231575
0.3021960680936856
0.30318257625544975
0.30417118668973864
0.3051617152292191
0.3061539767454763
0.30714778633188344
0.3081429604665715
0.30913931814084483
0.31013668193930743
0.3111348790591547
0.31213374225752055
0.3131331107174046
0.31413283082446775
0.31513275684883746
0.31613275152793296
0.31713268654817073
0.3181324429251736
0.3191319112837627
0.32013099204050854
0.32112959549293485
0.3221276418206046
0.3231250610042192
0.3241217926695964
0.3251177858638902
0.3261129987717378
0.3271073983791648
0.328100960093053
0.32909366732382894
0.3300855110387484
0.33107648929278133
0.3320666067436606
0.333055874157142
0.33404430790800055
0.33503192948171345
0.33601876498121686
0.3370048446425661
0.33799020236278043
0.33897487524263115
0.33995890314664345
0.34094232828212245
0.3419251947985996
0.34290754840870785
0.34388943603116195
0.3448709054562087
0.345852005033655
0.3468327833833522
0.3478132891278146
0.3487935706464983
0.3497736758511184
0.35075365198129016
0.3517335454196814
0.35271340152580855
0.3536932644875628
0.3546731771895171
0.35565318109706234
0.3566333161554056
0.35761362070247493
0.3585941313947917
0.3595748831453933
0.36055590907291113
0.3615372404609446
0.3625189067269099
0.3635009353995695
0.36448335210449534
0.36546618055675484
0.36644944256014966
0.36743315801237586
0.36841734491551026
0.36940201939127537
0.37038719570056233
0.37137288626673315
0.3723591017022537
0.37334585083825134
0.37433314075660895
0.3753209768242505
0.3763093627292925
0.3772983005187661
0.37828779063764195
0.3792778319689075
0.3802684218744752
0.38125955623671604
0.3822512295004358
0.3832434347151251
0.38423616357733514
0.38522940647304327
0.38622315251988826
0.3872173896091713
0.38821210444752086
0.38920728259814485
0.39020290852159223
0.39119896561595946
0.39219543625648967
0.39319230183451415
0.3941895427956946
0.39518713867753497
0.39618506814613086
0.3971833090321397
0.39818183836594623
0.3991806324120145
0.40017966670241834
0.4011789160695368
0.40217835467792074
0.4031779560553248
0.40417769312290797
0.40517753822461033
0.4061774631557089
0.40717743919056437
0.408177437109567
0.4091774272252925
0.41017737940788224
0.41117726310966163
0.41217704738900685
0.4131767009334806
0.41417619208224854
0.41517548884779354
0.416174558936945
0.41717336977123987
0.4181718885066288
0.4191700820525519
0.41951539349036404
0.41985496569669956
0.4201897275882793
0.4205185161072412
0.42084138832676277
0.4210225436876718
0.4213340354623646
0.4216398016086379
0.4219399114882071
0.4222357886603295
0.42252611965651776
0.4228109808055225
0.4230904500980913
0.4232203874769488
0.423489690475889
0.42375383913075104
0.42401291578410494
0.42426700337895584
0.424516651708868
0.424762155047379
0.4250028884193332
0.4252389362733765
0.4254703828825832
0.42569731221962914
0.4257674765627635
0.4259860688054956
0.4262003855562374
0.426410508594372
0.4266165189220229
0.4268184966935299
0.4270165211524416
0.4272106705755785
0.42740138232791114
0.42758889535091293
0.4277727377427948
0.42795298417818406
0.42812970816062257
0.4283029820001095
0.4284728767950111
0.4286394624179991
0.4288028075056879
0.4289629794516683
0.4289607132244584
0.4291151671820941
0.42926663446477054
0.42941517763254455
0.42956085800755717
0.42970373568180975
0.42984386952664966
0.4299813172037842
0.430116135177655
0.43024837872901234
0.43037810196954973
0.43050535785745725
0.43063019821377746
0.4307526737394446
0.4308734025102502
0.4309918504435831
0.4311080653969015
0.4312220941678432
0.43133398251365196
0.4314437751707796
0.4315515158745997
0.431657247379184
0.43176101147708557
0.43186284901908656
0.4319627999338729
0.43206090324759405
0.43215719710328104
0.43225171878009183
0.4323445047123584
0.4324355905084166
0.43252501096919493
0.4326128001065498
0.4326989911613295
0.4327836166211565
0.4327019619506136
0.4327838464409368
0.4328642528085297
0.4329432108197694
0.43302074956945846
0.43309689749681035
0.4331716824011089
0.4332451314570469
0.43331727122973707
0.43338812768940105
0.4334577262257354
0.4335260916619561
0.4335932482685265
0.4336592197765686
0.43372402939096366
0.43378769980314347
0.4338502532035794
0.43391171129397166
0.4339720952991425
0.4340314259786411
0.4340897236380622
0.43414700814008644
0.4342032989152451
0.4342586149724148
0.43431297490905185
0.43436639692116397
0.4344188988130333
0.4344704980066897
0.4345212115511423
0.4345710561313766
0.4346200480771193
0.43466820337137724
0.4347155376587585
0.43476206625357583
0.4348078041477442
0.43485276601847034
0.43489696623574503
0.4349404604181195
0.43498338457992947
0.43502558447915773
0.43506707341625317
0.43510786441676097
0.43514797023779284
0.4351874033743295
0.4352261760653596
0.4352643002998574
0.4353017878226061
0.4353386501398714
0.43537489852492484
0.43541054402342816
0.4354455974586744
0.43548006943669715
0.4355139703512456
0.4355473103886337
0.4355800995324616
0.4356123475682201
0.4356440640877729
0.4356752584937279
0.4357059400036941
0.4357361176544339
0.4357658003059037
0.4357949966451994
0.4358237151903973
0.4358519642942995
0.43587975214808394
0.435907086784866
0.4359339760831664
0.435960427770296
0.43598644942565457
0.4360120484839479
0.4360372322383248
0.43606200784343807
0.43608638231842733
0.4361103625498304
0.43613395529442334
0.4361571671819898
0.4361800047180241
0.4362024742863674
0.4362245821517806
0.436246334462456
0.4362677372524657
0.43628879644415397
0.4363095178504711
0.43632990717725084
0.43634997002543463
0.4363697118932428
0.4363891381782936
0.436408254179674
0.4364270650999592
0.4364455760471867
0.4364637920367841
0.43648171799345037
0.4364993587529953
0.4365167190641356
0.4365338035902493
0.436550616911089
0.4365671635244589
0.43658344784784875
0.4365994742200344
0.436615246902641
0.4366307700816694
0.43664604786898953
0.43666108430379935
0.43667588335405205
0.4366904489178506
0.43670478482481045
0.43671889483739323
0.4367327826522107
0.436746451901299
0.4367599061533659
0.4367731489150104
0.43678618363191435
0.4367990136900106
0.4368116424166226
0.43682407308158355
0.43683630889832603
0.4368483530249534
0.4368602085652836
0.43687187856987464
0.4368833660370248
0.43689467391375447
0.436905805096765
0.43691676243337774
0.43692754872245476
0.4369381667152985
0.4369486191165327
0.43695890858496533
0.43696903773443574
0.43697900913463905
0.43698882531193917
0.43699848875016023
0.43700800189136557
0.43701736713661876
0.4370265868467287
0.4370356633429815
0.43704459890785463
0.4370533957857199
0.43706205618352933
0.43707058227148887
0.43707897618371816
0.4370872400188971
0.43709537584089964
0.437103385679414
0.4371112715305522
0.43711903535744634
0.4371266790908326
0.4371342046296264
0.43714161384148287
0.43714890856334854
0.4371560906020012
0.4371631617345809
0.43717012370910713
0.4371769782449906
0.43718372703353103
0.4371903717384088
0.43719691399616323
0.43720335541666666
0.43720969758358375
0.4372159420548274
0.43722209036300275
0.4372281440158431
0.4372341044966388
0.4372399732646567
0.43724575175555325
0.43725144138177774
0.4372570435329701
0.43726255957634963
0.437267990857098
0.43727333869873364
0.4372786044034799
0.4372837892526269
0.43728889450688546
0.4372939214067356
0.43729887117276756
0.4373037450060182
0.4373085440883002
0.43731326958252414
0.43731792263301716
0.4373225043658343
0.43732701588906386
0.43733145829312825
0.43733583265107867
0.4373401400188861
0.4373443814357244
0.43734855792424876
0.43735267049087256
0.43735672012603544
0.4373607078044677
0.4373646344854507
0.43736850111307235
0.4373723086164777
0.43737605791011525
0.4373797498939783
0.43738338545384425
0.4373869654615068
0.43739049077500614
0.43739396223885374
0.4373973806842548
0.43740074692932496
0.4374040617793046
0.437407326026769
0.43741054045183403
0.4374137058223607
0.4374168228941525
0.4374198924111531
0.43742291510563736
0.4374258916984022
0.437428822898951
0.4374317094056772
0.4374345519060445
0.4374373510767625
0.4374401075839598
0.4374428220833566
0.4374454952204305
0.4374481276305823
0.4374507199392976
0.43745327276230683
0.43745578670574126
0.43745826236628604
0.43746070033133444
0.4374631011791331
0.4374654654789314
0.4374677937911233
0.43747008666738985
0.43747234465083795
0.43747456827613684
0.4374767580696529
0.437478914549582
0.437481038226079
0.4374831296013859
0.4374851891699577
0.43748721741858654
0.4374892148265219
0.43749118186559144
0.43749311900031773
0.43749502668803475
0.4374969053790012
0.4374987555165122
0.43750057753700944
0.43750237187019014
0.4375041389391119
0.4375058791602995
0.4375075929438461
0.4375092806935157
0.43751094280684166
0.43751257967522583
0.4375141916840348
0.43751577921269436
0.4375173426347825
0.4375188823181223
0.4375203986248707
0.4375218919116095
0.437523362529431
0.4375248108240235
0.43752623713575833
0.4375276417997712
0.4375290251460442
0.4375303874994865
0.43753172918001404
0.4375330505026275
0.43736688487120867
0.4373681897697935
0.43736947487135835
0.4373707404774423
0.43737198688495504
0.4373732143862501
0.4373744232691956
0.43737561381724377
0.4373767863094997
0.43737794102078964
0.4373790782217265
0.4373801981787755
0.4373813011543195
0.43738238740672164
0.4373834571903876
0.43738451075582774
0.4373855483497169
0.43738657021495364
0.4373875765907196
0.4373885677125363
0.43738954381232265
0.43739050511844946
0.43739145185579553
0.4373923842458014
0.4373933025065223
0.4373942068526804
0.4373950974957167
0.4373959746438413
0.4373968385020832
0.43739768927234013
0.43739852715342686
0.4373993523411215
0.4374001650282132
0.4374009654045492
0.437401753657078
0.4374025299698958
0.4374032945242906
0.4374040474987836
0.43740478906917324
0.4374055194085772
0.4374062386874731
0.43740694707373895
0.4374076447326939
0.4374083318271367
0.4374090085173854
0.43740967496131433
0.43741033131439333
0.43741097772972226
0.43741161435806997
0.4374122413479078
0.4374128588454469
0.43741346699467176
0.437414065937374
0.4374146558131873
0.43741523675961924
0.43741580891208465
0.43741637240393716
0.43741692736650173
0.43741747392910435
0.4374180122191039
0.4374185423619219
0.4374190644810714
0.4374195786981874
0.43742008513305486
0.43742058390363725
0.4374210751261044
0.4374215589148598
0.4374220353825681
0.43742250464018084
0.4374229667969637
0.437423421960521
0.4374238702368226
0.4374243117302279
0.43742474654351005
0.437425174777881
0.4374255965330156
0.4374260119070741
0.4374264209967257
0.4374268238971718
0.4374272207021679
0.4374276115040455
0.437427996393734
0.43742837546078195
0.43742874879337956
0.437429116478377
0.43742947860130643
0.43742983524640155
0.4374301864966178
0.4374305324336517
0.43743087313795925
0.4374312086887763
0.4374315391641359
0.43743186464088724
0.4374321851947135
0.43743250090014985
0.4374328118306008
0.4374331180583566
0.4374334196546119
0.4374337166894806
0.43743400923201414
0.437434297350216
0.43743458111105904
0.4374348605804994
0.4374351358234948
0.4374354069040166
0.43743567388506677
0.437435936828692
0.43743619579599813
0.43743645084716554
0.4374367020414611
0.43743694943725464
0.4374371930920301
0.4374374330624007
0.4374376694041213
0.43743790217210266
0.43743813142042265
0.43743835720233937
0.4374385795703045
0.4374387985759748
0.4374390142702246
0.4374392267031568
0.4374394359241157
0.4374396419816978
0.4374398449237631
0.43744004479744725
0.4374402416491714
0.43744043552465417
0.43744062646892057
0.43744081452631467
0.43744099974050854
0.43744118215451266
0.43744136181068605
0.43744153875074665
0.4374417130157803
0.4374418846462508
0.4374420536820093
0.4374422201623034
0.4374423841257863
0.43744254561052587
0.43744270465401447
0.43744286129317533
0.4374430155643738
0.4374431675034244
0.43744331714559925
0.43744346452563665
0.4374436096777493
0.4374437526356315
0.4374438934324678
0.4374440321009404
0.4374441686732369
0.4374443031810571
0.43744443565562185
0.4374445661276788
0.4374446946275108
0.43744482118494177
0.43744494582934523
0.43744506858964927
0.4374451894943443
0.4374453085714901
0.4374454258487209
0.43744554135325386
0.4374456551118937
0.4374457671510392
0.4374458774966907
0.43744598617445407
0.4374460932095484
0.4374461986268112
0.4374463024507037
0.43744640470531715
0.4374465054143788
0.4374466046012564
0.43744670228896454
0.4374467985001693
0.43744689325719444
0.43744698658202574
0.4374470784963156
0.4374471690213897
0.43744725817825103
0.43744734598758483
0.4374474324697636
0.4374475176448508
0.4374476015326074
0.43744768415249524
0.4374477655236817
0.4374478456650438
0.437447924595174
0.437448002332383
0.43744807889470416
0.4374481542998986
0.43744822856545884
0.4374483017086124
0.4374483737463273
0.4374484446953132
0.43744851457202893
0.4374485833926828
0.4374486511732393
0.43744871792942086
0.4374487836767118
0.4374488484303629
0.43744891220539417
0.4374489750165983
0.43744903687854453
0.4374490978055814
0.4374491578118409
0.4374492169112414
0.4374492751174902
0.4374493324440878
0.4374493889043304
0.4374494445113135
0.43744949927793386
0.43744955321689394
0.4374496063407036
0.43744965866168406
0.43744971019197
0.4374497609435125
0.4374498109280822
0.4374498601572717
0.4374499086424978
0.4374499563950056
0.4374500034258697
0.437450049745997
0.4374500953661301
0.4374501402968488
0.4374501845485731
0.4374502281315651
0.43745027105593237
0.4374503133316294
0.4374503549684603
0.4374503959760805
0.4374504363639996
0.43745047614158394
0.437450515318058
0.43745055390250664
0.43745059190387714
0.43745062933098233
0.43745066619250106
0.4374507024969815
0.4374507382528421
0.4374507734683748
0.4374508081517452
0.4374508423109963
0.43745087595404886
0.4374509090887049
0.43745094172264676
0.4374509738634428
0.43745100551854543
0.43745103669529506
0.4374510674009209
0.437451097642543
0.4374511274271734
0.4374511567617192
0.4374511856529819
0.43745121410766097
0.43745124213235376
0.4374512697335595
0.43745129691767715
0.43745132369101014
0.4374513500597669
0.43745137603006123
0.43745140160791496
0.43745142679925864
0.4374514516099336
0.43745147604569257
0.43745150011220124
0.4374515238150396
0.4374515471597039
0.43745157015160663
0.4374515927960785
0.4374516150983704
0.437451637063653
0.4374516586970195
0.4374516800034858
0.4374517009879918
0.43745172165540314
0.4374517420105115
0.4374517620580365
0.4374517818026262
0.4374518012488585
0.4374518204012421
0.4374518392642175
0.43745185784215834
0.437451876139372
0.43745189416010055
0.4374519119085222
0.43745192938875177
0.4374519466048423
0.4374519635607854
0.437451980260512
0.43745199670789403
0.43745201290674507
0.43745202886082046
0.4374520445738189
0.43745206004938386
0.4374520752911032
0.43745209030251075
0.43745210508708654
0.43745211964825814
0.43745213398940175
0.4374521481138426
0.43745216202485504
0.43745217572566397
0.4374521892194462
0.4374522025093296
0.4374522155983961
0.4374522284896799
0.43745224118616965
0.4374522536908092
0.437452266006497
0.4374522781360891
0.43745229008239694
0.4374523018481903
0.4374523134361973
0.4374523248491041
0.4374523360895568
0.43745234716016135
0.43745235806348437
0.4374523688020534
0.43745237937835824
0.4374523897948511
0.43745240005394637
0.4374524101580225
0.4374524201094222
0.4374524299104525
0.43745243956338575
0.4374524490704593
0.4374524584338778
0.4374524676558118
0.43745247673839893
0.43745248568374506
0.43745249449392454
0.43745250317097906
0.43745251171692057
0.4374525201337299
0.4374525284233589
0.4374525365877291
0.4374525446287334
0.4374525525482357
0.4374525603480721
0.43745256803005084
0.43745257559595296
0.437452583047532
0.4374525903865156
0.43745259761460553
0.43745260473347714
0.4374526117447808
0.43745261865014207
0.4374526254511615
0.4374526321494162
0.43745263874645857
0.43745264524381855
0.43745265164300173
0.43745265794549193
0.4374526641527504
0.4374526702662157
0.43745267628730544
0.4374526822174154
0.43745268805792037
0.43745269381017426
0.43745269947551046
0.43745270505524203
0.43745271055066315
0.43745271596304747
0.4374527212936501
0.43745272654370626
0.4374527317144332
0.4374527368070298
0.43745274182267635
0.43745274676253576
0.4374527516277533
0.4374527564194566
0.43745276113875653
0.4374527657867471
0.43745277036450636
0.437452774873095
0.4374527793135582
0.4374527836869254
0.4374527879942105
0.4374527922364121
0.4374527964145136
0.43745280052948365
0.43745280458227587
0.4374528085738302
0.4374528125050714
0.43745281637691136
0.43745282019024756
0.4374528239459641
0.4374528276449312
0.4374528312880066
0.4374528348760348
0.4374528384098476
0.43745284189026423
0.4374528453180915
0.43745284869412415
0.43745285201914474
0.4374528552939242
0.43745285851922133
0.4374528616957841
0.43745286482434853
0.4374528679056403
0.4374528709403739
0.4374528739292526
0.43745287687296885
0.4374528797722055
0.43745288262763427
0.43745288543991756
0.4374528882097072
0.43745289093764517
0.437452893624364
0.4374528962704862
0.43745289887662553
0.43745290144338633
0.4374529039713628
0.43745290646114166
0.4374529089132999
0.4374529113284058
0.43745291370701966
0.4374529160496924
0.43745291835696754
0.4374529206293797
0.4374529228674555
0.43745292507171407
0.43745292724266605
0.43745292938081515
0.43745293148665654
0.4374529335606788
0.43745293560336274
0.43745293761518145
0.4374529395966016
0.4374529415480827
0.43745294347007657
0.43745294536302926
0.4374529472273796
0.43745294906355947
0.43745295087199465
0.43745295265310424
0.4374529544073015
0.437452956134993
0.437452957836579
0.43745295951245433
0.4374529611630067
0.43745296278861934
0.43745296438966896
0.43745296596652683
0.4374529675195584
0.4374529690491237
0.4374529705555772
0.4374529720392685
0.43745297350054124
0.437452974939734
0.4374529763571806
0.4374529777532097
0.43745297912814485
0.4374529804823045
0.4374529818160029
0.4374529831295494
0.4374529844232481
0.4374529856973991
0.4374529869522974
0.43745298818823464
0.4374529894054968
0.43745299060436627
0.43745299178512087
0.4374529929480342
0.43745299409337624
0.437452995221412
0.4374529963324031
0.43745299742660737
0.437452998504278
0.4374529995656652
0.4374530006110148
0.4374530016405689
0.43745300265456677
0.43745300365324313
0.4374530046368299
0.43745300560555445
0.4374530065596416
0.4374530074993126
0.4374530084247852
0.43745300933627396
0.4374530102339903
0.43745301111814194
0.43745301198893405
0.4374530128465687
0.43745301369124456
0.43745301452315744
0.4374530153424999
0.4374530161494623
0.43745301694423155
0.43745301772699186
0.43745301849792473
0.4374530192572088
0.4374530200050204
0.4374530207415325
0.4374530214669158
0.4374530221813383
0.43745302288496624
0.43745302357796223
0.43745302426048716
0.43745302493269933
0.4374530255947542
0.4374530262468055
0.43745302688900467
0.43745302752150006
0.43745302814443854
0.43745302875796443
0.43745302936221997
0.43745302995734514
0.43745303054347806
0.4374530311207546
0.4374530316893085
0.4374530322492718
0.43745303280077374
0.4374530333439427
0.4374530338789042
0.43745303440578276
0.4374530349246998
0.4374530354357763
0.43745303593913054
0.4374530364348789
0.43745303692313664
0.43745303740401686
0.4374530378776311
0.4374530383440891
0.43745303880349884
0.437453039255967
0.43745303970159843
0.43745304014049624
0.43745304057276246
0.43745304099849713
0.43745304141779906
0.43745304183076517
0.4374530422374915
0.43745304263807216
0.4374530430326
0.437453043421167
0.4374530438038625
0.4374530441807756
0.4374530445519935
0.4374530449176023
0.4374530452776867
0.43745304563233023
0.43745304598161505
0.4374530463256221
0.4374530466644315
0.4374530469981216
0.4374530473267696
0.4374530476504518
0.43745304796924334
0.4374530482832175
0.43745304859244805
0.437453048897006
0.43745304919696215
0.4374530494923857
0.43745304978334576
0.437453050069909
0.4374530503521423
0.4374530506301112
0.43745305090387987
0.4374530511735121
0.4374530514390703
0.4374530517006162
0.4374530519582096
0.4374530522119111
0.437453052461779
0.4374530527078716
0.4374530529502457
0.43745305318895755
0.4374530534240626
0.43745305365561493
0.43745305388366895
0.43745305410827684
0.4374530543294911
0.4374530545473627
0.4374530547619424
0.4374530549732797
0.43745305518142363
0.43745305538642243
0.4374530555883237
0.43745305578717464
0.43745305598302087
0.4374530561759078
0.43745305636588017
0.4374530565529824
0.43745305673725743
0.4374530569187478
0.4374530570974958
0.437453057273543
0.4374530574469301
0.43745305761769715
0.43745305778588417
0.4374530579515299
0.43745305811467294
0.43745305827535064
0.4374530584336005
0.4374530585894595
0.43745305874296314
0.4374530588941473
0.4374530590430472
0.43745305918969757
0.4374530593341317
0.43745305947638335
0.43745305961648584
0.43745305975447113
0.43745305989037153
0.4374530600242188
0.43745306015604346
0.43745306028587616
0.43745306041374676
0.4374530605396858
0.437453060663722
0.43745306078588386
0.43745306090619984
0.4374530610246977
0.43745306114140514
0.4374530612563492
0.43745306136955664
0.43745306148105345
0.4374530615908654
0.4374530616990183
0.4374530618055368
0.437453061910446
0.43745306201376966
0.4374530621155326
0.43745306221575775
0.43745306231446823
0.43745306241168724
0.43745306250743743
0.437453062601741
0.43745306269461937
0.4374530627860944
0.43745306287618735
0.43745306296491904
0.43745306305231013
0.4374530631383806
0.4374530632231506
0.4374530633066398
0.4374530633888676
0.4374530634698528
0.43745306354961433
0.4374530636281706
0.43745306370554005
0.4374530637817401
0.43745306385678906
0.4374530639307038
0.4374530640035019
0.4374530640751999
0.43745306414581453
0.43745306421536245
0.4374530642838592
0.43745306435132114
0.4374530644177639
0.43745306448320254
0.4374530645476522
0.4374530646111282
0.4374530646736451
0.4374530647352175
0.43745306479585944
0.4374530648555851
0.43745306491440816
0.4374530649723427
0.4374530650294016
0.4374530650855982
0.43745306514094584
0.43745306519545724
0.43745306524914507
0.4374530653020213
0.4374530653540989
0.43745306540538964
0.43745306545590545
0.43745306550565777
0.43745306555465835
0.4374530656029185
0.4374530656504496
0.43745306569726217
0.4374530657433674
0.4374530657887761
0.43745306583349874
0.43745306587754573
0.43745306592092725
0.4374530659636534
0.43745306600573375
0.4374530660471785
0.4374530660879967
0.4374530661281981
0.4374530661677922
0.43745306620678825
0.43745306624519487
0.43745306628302105
0.4374530663202758
0.4374530663569677
0.4374530663931052
0.4374530664286965
0.4374530664637504
0.4374530664982744
0.4374530665322768
0.4374530665657653
0.43745306659874794
0.43745306663123174
0.43745306666322514
0.43745306669473516
0.4374530667257689
0.4374530667563338
0.4374530667864369
0.4374530668160853
0.4374530668452855
0.4374530668740443
0.43745306690236896
0.4374530669302652
0.4374530669577402
0.4374530669848
0.43745306701145104
0.4374530670376995
0.43745306706355114
0.4374530670890121
0.4374530671140886
0.43745306713878584
0.43745306716310994
0.43745306718706667
0.43745306721066135
0.4374530672338993
0.4374530672567867
0.43745306727932765
0.43745306730152855
0.4374530673233936
0.4374530673449285
0.43745306736613787
0.4374530673870267
0.4374530674075999
0.4374530674278625
0.43745306744781864
0.4374530674674735
0.43745306748683144
0.43745306750589663
0.4374530675246737
0.43745306754316715
0.43745306756138136
0.43745306757932034
0.4374530675969881
0.43745306761438874
0.43745306763152647
0.4374530676484053
0.4374530676650291
0.4374530676814017
0.4374530676975269
0.4374530677134085
0.4374530677290501
0.4374530677444556
0.43745306775962844
0.4374530677745718
0.4374530677892893
0.43745306780378446
0.4374530678180607
0.43745306783212123
0.4374530678459694
0.4374530678596078
0.4374530678730406
0.43745306788627036
0.4374530678993003
0.4374530679121331
0.4374530679247721
0.4374530679372203
0.43745306794948
0.4374530679615545
0.43745306797344674
0.43745306798515915
0.4374530679966948
0.4374530680080563
0.4374530680192459
0.4374530680302664
0.4374530680411205
0.4374530680518106
0.4374530680623393
0.4374530680727087
0.4374530680829213
0.4374530680929799
0.4374530681028863
0.4374530681126432
0.43745306812225226
0.43745306813171625
0.43745306814103746
0.4374530681502178
0.43745306815925966
0.43745306816816454
0.4374530681769351
0.43745306818557317
0.4374530681940805
0.4374530682024592
0.4374530682107114
0.437453068218839
0.43745306822684393
0.4374530682347275
0.4374530682424922
0.4374530682501394
0.43745306825767116
0.43745306826508923
0.43745306827239505
0.43745306827959074
0.4374530682866773
0.43745306829365693
0.4374530683005311
0.4374530683073016
0.4374530683139697
0.43745306832053676
0.4374530683270047
0.43745306833337516
0.43745306833964925
0.43745306834582864
0.43745306835191444
0.4374530683579084
0.4374530683638119
0.43745306836962605
0.43745306837535225
0.4374530683809922
0.43745306838654674
0.43745306839201736
0.4374530683974053
0.4374530684027119
0.4374530684079382
0.4374530684130855
0.437453068418155
0.4374530684231479
0.4374530684280654
0.43745306843290865
0.4374530684376787
0.43745306844237675
0.4374530684470038
0.4374530684515614
0.4374530684560499
0.4374530684604704
0.4374530684648238
0.4374530684691116
0.43745306847333454
0.43745306847749377
0.4374530684815904
0.4374530684856246
0.4374530684895982
0.4374530684935116
0.43745306849736587
0.43745306850116195
0.43745306850490073
0.437453068508583
0.4374530685122099
0.4374530685157817
0.43745306851929955
0.43745306852276444
0.4374530685261768
0.4374530685295377
0.4374530685328478
0.43745306853610777
0.43745306853931853
0.4374530685424809
0.4374530685455953
0.4374530685486627
0.437453068551684
0.4374530685546595
0.4374530685575899
0.43745306856047594
0.43745306856331856
0.4374530685661182
0.43745306856887545
0.43745306857159116
0.4374530685742657
0.43745306857690003
0.4374530685794942
0.43745306858204946
0.4374530685845659
0.43745306858704425
0.4374530685894853
0.4374530685918898
0.4374530685942577
0.43745306859658983
0.4374530685988868
0.4374530686011491
0.43745306860337707
0.43745306860557154
0.4374530686077329
0.43745306860986133
0.4374530686119579
0.43745306861402244
0.43745306861605615
0.4374530686180591
0.4374530686200315
0.4374530686219743
0.43745306862388766
0.43745306862577205
0.4374530686276281
0.437453068629456
0.43745306863125644
0.43745306863302935
0.43745306863477573
0.4374530686364957
0.43745306863818934
0.43745306863985767
0.4374530686415007
0.43745306864311906
0.4374530686447129
0.43745306864628275
0.43745306864782885
0.4374530686493514
0.43745306865085076
0.4374530686523278
0.43745306865378253
0.43745306865521527
0.4374530686566265
0.43745306865801614
0.4374530686593848
0.43745306866073297
0.4374530686620606
0.4374530686633681
0.43745306866465583
0.43745306866592415
0.4374530686671735
0.43745306866840383
0.43745306866961564
0.437453068670809
0.43745306867198475
0.43745306867314226
0.4374530686742826
0.4374530686754057
0.4374530686765117
0.4374530686776008
0.4374530686786736
0.43745306867973033
0.43745306868077094
0.4374530686817959
0.4374530686828053
0.4374530686837993
0.4374530686847783
0.43745306868574274
0.43745306868669254
0.437453068687628
0.4374530686885494
0.43745306868945677
0.4374530686903505
0.4374530686912309
0.437453068692098
0.437453068692952
0.43745306869379286
0.43745306869462086
0.43745306869543654
0.4374530686962399
0.43745306869703116
0.4374530686978104
0.4374530686985779
0.43745306869933376
0.4374530687000784
0.4374530687008116
0.4374530687015339
0.4374530687022451
0.43745306870294565
0.43745306870363543
0.4374530687043148
0.437453068704984
0.43745306870564293
0.43745306870629197
0.43745306870693135
0.43745306870756084
0.4374530687081809
0.43745306870879164
0.43745306870939316
0.4374530687099857
0.4374530687105693
0.43745306871114387
0.43745306871170975
0.4374530687122672
0.4374530687128163
0.4374530687133569
0.43745306871388967
0.43745306871441414
0.4374530687149306
0.4374530687154392
0.43745306871594014
0.4374530687164334
0.43745306871691947
0.4374530687173983
0.43745306871786993
0.437453068718334
0.4374530687187915
0.43745306871924206
0.43745306871968603
0.4374530687201226
0.43745306872055256
0.4374530687209768
0.43745306872139444
0.43745306872180556
0.43745306872221024
0.43745306872260914
0.4374530687230018
0.4374530687233886
0.43745306872376966
0.437453068724145
0.4374530687245145
0.43745306872487855
0.4374530687252369
0.43745306872558987
0.4374530687259376
0.4374530687262801
0.4374530687266175
0.4374530687269498
0.43745306872727685
0.43745306872759904
0.43745306872791634
0.437453068728229
0.43745306872853684
0.43745306872884004
0.4374530687291386
0.4374530687294327
0.4374530687297222
0.43745306873000744
0.43745306873028833
0.4374530687305651
0.43745306873083756
0.437453068731106
0.43745306873137046
0.4374530687316309
0.4374530687318873
0.4374530687321396
0.4374530687323883
0.43745306873263334
0.4374530687328747
0.4374530687331124
0.43745306873334633
0.4374530687335768
0.43745306873380385
0.43745306873402756
0.43745306873424794
0.437453068734465
0.4374530687346788
0.4374530687348893
0.4374530687350967
0.43745306873530054
0.4374530687355015
0.43745306873569967
0.4374530687358946
0.4374530687360866
0.43745306873627576
0.43745306873646206
0.43745306873664547
0.4374530687368261
0.4374530687370042
0.4374530687371794
0.4374530687373521
0.437453068737522
0.4374530687376894
0.4374530687378543
0.4374530687380166
0.4374530687381766
0.437453068738334
0.4374530687384892
0.4374530687386421
0.43745306873879264
0.43745306873894085
0.43745306873908674
0.4374530687392305
0.4374530687393722
0.4374530687395115
0.43745306873964895
0.4374530687397844
0.4374530687399175
0.43745306874004886
0.4374530687401781
0.4374530687403053
0.43745306874043066
0.43745306874055423
0.4374530687406758
0.4374530687407956
0.4374530687409136
0.43745306874102974
0.4374530687411442
0.4374530687412569
0.4374530687413679
0.43745306874147716
0.43745306874158496
0.4374530687416909
0.43745306874179524
0.43745306874189815
0.4374530687419994
0.4374530687420992
0.4374530687421976
0.4374530687422943
0.43745306874238965
0.4374530687424836
0.43745306874257595
0.437453068742667
0.4374530687427566
0.43745306874284495
0.437453068742932
0.4374530687430177
0.4374530687431021
0.437453068743185
0.43745306874326695
0.43745306874334766
0.43745306874342704
0.4374530687435052
0.43745306874358214
0.43745306874365797
0.4374530687437328
0.4374530687438064
0.4374530687438788
0.4374530687439502
0.43745306874402057
0.4374530687440896
0.4374530687441578
0.43745306874422496
0.43745306874429113
0.4374530687443562
0.43745306874442036
0.43745306874448353
0.4374530687445457
0.437453068744607
0.4374530687446673
0.4374530687447269
0.4374530687447853
0.437453068744843
0.43745306874489986
0.4374530687449557
0.437453068745011
0.4374530687450652
0.4374530687451187
0.4374530687451714
0.4374530687452233
0.43745306874527423
0.43745306874532464
0.43745306874537393
0.437453068745423
0.43745306874547074
0.43745306874551837
0.43745306874556467
0.43745306874561074
0.4374530687456557
0.43745306874570034
0.4374530687457442
0.4374530687457874
0.43745306874583
0.43745306874587175
0.43745306874591294
0.4374530687459538
0.43745306874599355
0.4374530687460333
0.4374530687460718
0.43745306874611023
0.43745306874614787
0.43745306874618484
0.4374530687462216
0.43745306874625745
0.437453068746293
0.43745306874632794
0.43745306874636214
0.437453068746396
0.4374530687464294
0.43745306874646217
0.4374530687464945
0.43745306874652645
0.437453068746558
0.4374530687465885
0.43745306874661916
0.43745306874664924
0.43745306874667833
0.43745306874670753
0.4374530687467365
0.4374530687467644
0.437453068746792
0.4374530687468198
0.43745306874684664
0.43745306874687295
0.43745306874689915
0.4374530687469249
0.4374530687469502
0.4374530687469751
0.43745306874699985
0.43745306874702394
0.43745306874704804
0.43745306874707146
0.43745306874709444
0.4374530687471172
0.43745306874713996
0.43745306874716205
0.4374530687471836
0.4374530687472049
0.4374530687472262
0.4374530687472473
0.4374530687472675
0.4374530687472874
0.4374530687473074
0.43745306874732726
0.4374530687473468
0.43745306874736534
0.43745306874738377
0.4374530687474023
0.43745306874742074
0.43745306874743883
0.43745306874745615
0.43745306874747314
0.43745306874749024
0.43745306874750733
0.4374530687475239
0.4374530687475403
0.4374530687475562
0.43745306874757184
0.4374530687475875
0.4374530687476029
0.4374530687476178
0.4374530687476328
0.43745306874764767
0.4374530687476619
0.4374530687476761
0.4374530687476902
0.43745306874770373
0.43745306874771717
0.4374530687477307
0.43745306874774414
0.43745306874775725
0.43745306874777
0.43745306874778245
0.43745306874779444
0.43745306874780654
0.43745306874781864
0.43745306874783074
0.43745306874784284
0.4374530687478546
0.4374530687478657
0.4374530687478764
0.43745306874788703
0.4374530687478977
0.43745306874790835
0.437453068747919
0.43745306874792966
0.4374530687479403
0.43745306874795076
0.4374530687479601
0.4374530687479693
0.4374530687479785
0.43745306874798773
0.43745306874799694
0.43745306874800627
0.4374530687480155
0.4374530687480247
0.4374530687480339
0.4374530687480426
0.4374530687480511
0.437453068748059
0.4374530687480668
0.43745306874807455
0.43745306874808243
0.4374530687480902
0.4374530687480981
0.43745306874810586
0.4374530687481136
0.4374530687481215
0.4374530687481286
0.4374530687481357
0.4374530687481428
0.43745306874814993
0.4374530687481566
0.43745306874816303
0.43745306874816936
0.4374530687481758
0.43745306874818213
0.43745306874818857
0.437453068748195
0.43745306874820133
0.4374530687482078
0.43745306874821355
0.4374530687482192
0.437453068748225
0.43745306874823064
0.4374530687482363
0.43745306874824197
0.43745306874824763
0.4374530687482534
0.4374530687482583
0.4374530687482633
0.4374530687482683
0.4374530687482733
0.4374530687482783
0.43745306874828316
0.43745306874828815
0.43745306874829315
0.4374530687482978
0.43745306874830214
0.43745306874830636
0.4374530687483106
0.4374530687483149
0.43745306874831913
0.43745306874832346
0.4374530687483277
0.4374530687483319
0.4374530687483362
0.43745306874834045
0.4374530687483448
0.437453068748349
0.4374530687483532
0.4374530687483571
0.43745306874836065
0.4374530687483642
0.43745306874836776
0.4374530687483713
0.43745306874837486
0.4374530687483784
0.43745306874838197
0.43745306874838497
0.43745306874838774
0.4374530687483906
0.4374530687483935
0.4374530687483963
0.4374530687483992
0.43745306874840195
0.43745306874840484
0.4374530687484077
0.4374530687484105
0.4374530687484134
0.43745306874841616
0.43745306874841905
0.43745306874842194
0.4374530687484247
0.4374530687484276
0.4374530687484304
0.43745306874843326
0.43745306874843615
0.4374530687484389
0.4374530687484418
0.4374530687484446
0.43745306874844747
0.43745306874845036
0.43745306874845313
0.437453068748456
0.4374530687484588
0.437453068748461
0.4374530687484631
0.43745306874846523
0.43745306874846734
0.43745306874846945
0.4374530687484709
0.43745306874847234
0.4374530687484738
0.4374530687484752
0.43745306874847656
0.437453068748478
0.43745306874847945
0.4374530687484809
0.43745306874848233
0.43745306874848366
0.4374530687484851
0.43745306874848655
0.437453068748488
0.43745306874848944
0.43745306874849077
0.4374530687484922
0.43745306874849366
0.4374530687484951
0.43745306874849654
0.4374530687484979
0.4374530687484993
0.43745306874850076
0.4374530687485022
0.43745306874850365
0.437453068748505
0.4374530687485064
0.43745306874850787
0.4374530687485093
0.43745306874851075
0.4374530687485121
0.43745306874851353
0.437453068748515
0.4374530687485164
0.43745306874851786
0.4374530687485192
0.43745306874852063
0.4374530687485221
0.4374530687485235
0.43745306874852496
0.4374530687485263
0.43745306874852774
0.4374530687485292
0.4374530687485306
0.43745306874853207
0.4374530687485334
0.43745306874853485
0.4374530687485363
0.43745306874853773
0.4374530687485392
0.4374530687485405
0.43745306874854195
0.4374530687485434
0.43745306874854484
0.4374530687485463
0.4374530687485476
0.43745306874854906
0.4374530687485505
0.43745306874855194
0.4374530687485534
0.4374530687485547
0.43745306874855605
0.4374530687485567
0.4374530687485575
0.43745306874855816
0.43745306874855894
0.4374530687485596
0.43745306874856027
0.43745306874856105
0.4374530687485617
0.4374530687485625
0.43745306874856316
0.4374530687485638
0.4374530687485646
0.43745306874856527
0.43745306874856604
0.4374530687485667
0.43745306874856715
0.43745306874856715
0.43745306874856715
0.43745306874856715
0.43745306874856715
0.43745306874856715
0.43745306874856715
0.43745306874856715
0.43745306874856715
0.43745306874856715
0.43745306874856715
0.43745306874856715
0.43745306874856715
0.43745306874856715
0.43745306874856715
0.43745306874856715
0.43745306874856715
0.43745306874856715
0.43745306874856715
0.43745306874856715
0.43745306874856715
0.43745306874856715
0.43745306874856715
0.43745306874856715
0.43745306874856715
0.43745306874856715
0.43745306874856715
0.43745306874856715
0.43745306874856715
0.43745306874856715
0.43745306874856715
0.43745306874856715
0.43745306874856715
0.43745306874856715
0.43745306874856715
0.43745306874856715
0.43745306874856715
0.43745306874856715
0.43745306874856715
0.43745306874856715
0.43745306874856715
0.43745306874856715
0.43745306874856715
0.43745306874856715
0.43745306874856715
0.43745306874856715
0.43745306874856715
0.43745306874856715
0.43745306874856715
0.43745306874856715
0.43745306874856715
0.43745306874856715
0.43745306874856715
0.43745306874856715
0.43745306874856715
0.43745306874856715
0.43745306874856715
0.43745306874856715
0.43745306874856715
0.43745306874856715
0.43745306874856715
0.43745306874856715
0.43745306874856715
0.43745306874856715
0.43745306874856715
0.43745306874856715
0.43745306874856715
0.43745306874856715
0.43745306874856715
0.43745306874856715
0.43745306874856715
0.43745306874856715
0.43745306874856715
0.43745306874856715
0.43745306874856715
0.43745306874856715
0.43745306874856715
0.43745306874856715
0.43745306874856715
0.43745306874856715
0.43745306874856715
0.43745306874856715
0.43745306874856715
0.43745306874856715
0.43745306874856715
0.43745306874856715
0.43745306874856715
0.43745306874856715
0.43745306874856715
0.43745306874856715
0.43745306874856715
0.43745306874856715
0.43745306874856715
0.43745306874856715
0.43745306874856715
0.43745306874856715
0.43745306874856715
0.43745306874856715
0.43745306874856715
0.43745306874856715
0.43745306874856715
0.43745306874856715
0.43745306874856715
0.43745306874856715
0.43745306874856715
0.43745306874856715
0.43745306874856715
0.43745306874856715
0.43745306874856715
0.43745306874856715
0.43745306874856715
0.43745306874856715
0.43745306874856715
0.43745306874856715
0.43745306874856715
0.43745306874856715
0.43745306874856715
0.43745306874856715
0.43745306874856715
0.43745306874856715
0.43745306874856715
0.43745306874856715
0.43745306874856715
0.43745306874856715
0.43745306874856715
0.43745306874856715
0.43745306874856715
0.43745306874856715
0.43745306874856715
0.43745306874856715
0.43745306874856715
0.43745306874856715
0.43745306874856715
0.43745306874856715
0.43745306874856715
0.43745306874856715
0.43745306874856715
0.43745306874856715
0.43745306874856715
0.43745306874856715
0.43745306874856715
0.43745306874856715
0.43745306874856715
0.43745306874856715
0.43745306874856715
0.43745306874856715
0.43745306874856715
0.43745306874856715
0.43745306874856715
0.43745306874856715
0.43745306874856715
0.43745306874856715
0.43745306874856715
0.43745306874856715
0.43745306874856715
0.43745306874856715
0.43745306874856715
0.43745306874856715
0.43745306874856715
0.43745306874856715
0.43745306874856715
0.43745306874856715
0.43745306874856715
0.43745306874856715
0.43745306874856715
0.43745306874856715
0.43745306874856715
0.43745306874856715
0.43745306874856715
0.43745306874856715
0.43745306874856715
0.43745306874856715
0.43745306874856715
0.43745306874856715
0.43745306874856715
0.43745306874856715
0.43745306874856715
0.43745306874856715
0.43745306874856715
0.43745306874856715
0.43745306874856715
0.43745306874856715
0.43745306874856715
0.43745306874856715
0.43745306874856715
0.43745306874856715
0.43745306874856715
0.43745306874856715
0.43745306874856715
0.43745306874856715
0.43745306874856715
0.43745306874856715
0.43745306874856715
0.43745306874856715
0.43745306874856715
0.43745306874856715
0.43745306874856715
0.43745306874856715
0.43745306874856715
0.43745306874856715
0.43745306874856715
0.43745306874856715
0.43745306874856715
0.43745306874856715
0.43745306874856715
0.43745306874856715
0.43745306874856715
0.43745306874856715
0.43745306874856715
0.43745306874856715
0.43745306874856715
0.43745306874856715
0.43745306874856715
0.43745306874856715
0.43745306874856715
0.43745306874856715
0.43745306874856715
0.43745306874856715
0.43745306874856715
0.43745306874856715
0.43745306874856715
0.43745306874856715
0.43745306874856715
0.43745306874856715
0.43745306874856715
0.43745306874856715
0.43745306874856715
0.43745306874856715
0.43745306874856715
0.43745306874856715
0.43745306874856715
0.43745306874856715
0.43745306874856715
0.43745306874856715
0.43745306874856715
0.43745306874856715
0.43745306874856715
0.43745306874856715
0.43745306874856715
0.43745306874856715
0.43745306874856715
0.43745306874856715
0.43745306874856715
0.43745306874856715
0.43745306874856715
0.43745306874856715
0.43745306874856715
0.43745306874856715
0.43745306874856715
0.43745306874856715
0.43745306874856715
0.43745306874856715
0.43745306874856715
0.43745306874856715
0.43745306874856715
0.43745306874856715
0.43745306874856715
0.43745306874856715
0.43745306874856715
0.43745306874856715
0.43745306874856715
0.43745306874856715
0.43745306874856715
0.43745306874856715
0.43745306874856715
0.43745306874856715
0.43745306874856715
0.43745306874856715
0.43745306874856715
0.43745306874856715
0.43745306874856715
0.43745306874856715
0.43745306874856715
0.43745306874856715
0.43745306874856715
0.43745306874856715
0.43745306874856715
0.43745306874856715
0.43745306874856715
0.43745306874856715
0.43745306874856715
0.43745306874856715
0.43745306874856715
0.43745306874856715
0.43745306874856715
0.43745306874856715
0.43745306874856715
0.43745306874856715
0.43745306874856715
0.43745306874856715
0.43745306874856715
0.43745306874856715
0.43745306874856715
0.43745306874856715
0.43745306874856715
0.43745306874856715
0.43745306874856715
0.43745306874856715
0.43745306874856715
0.43745306874856715
0.43745306874856715
0.43745306874856715
0.43745306874856715
0.43745306874856715
0.43745306874856715
0.43745306874856715
0.43745306874856715
0.43745306874856715
0.43745306874856715
0.43745306874856715
0.43745306874856715
0.43745306874856715
0.43745306874856715
0.43745306874856715
0.43745306874856715
0.43745306874856715
0.43745306874856715
0.43745306874856715
0.43745306874856715
0.43745306874856715
0.43745306874856715
0.43745306874856715
0.43745306874856715
0.43745306874856715
0.43745306874856715
0.43745306874856715
0.43745306874856715
0.43745306874856715
0.43745306874856715
0.43745306874856715
0.43745306874856715
0.43745306874856715
0.43745306874856715
0.43745306874856715
0.43745306874856715
0.43745306874856715
0.43745306874856715
0.43745306874856715
0.43745306874856715
0.43745306874856715
0.43745306874856715
0.43745306874856715
0.43745306874856715
0.43745306874856715
0.43745306874856715
0.43745306874856715
0.43745306874856715
0.43745306874856715
0.43745306874856715
0.43745306874856715
0.43745306874856715
0.43745306874856715
0.43745306874856715
0.43745306874856715
0.43745306874856715
0.43745306874856715
0.43745306874856715
0.43745306874856715
0.43745306874856715
0.43745306874856715
0.43745306874856715
0.43745306874856715
0.43745306874856715
0.43745306874856715
0.43745306874856715
0.43745306874856715
0.43745306874856715
0.43745306874856715
0.43745306874856715
0.43745306874856715
0.43745306874856715
0.43745306874856715
0.43745306874856715
0.43745306874856715
0.43745306874856715
0.43745306874856715
0.43745306874856715
0.43745306874856715
0.43745306874856715
0.43745306874856715
0.43745306874856715
0.43745306874856715
0.43745306874856715
0.43745306874856715
0.43745306874856715
0.43745306874856715
0.43745306874856715
0.43745306874856715
0.43745306874856715
0.43745306874856715
0.43745306874856715
0.43745306874856715
0.43745306874856715
0.43745306874856715
0.43745306874856715
0.43745306874856715
0.43745306874856715
0.43745306874856715
0.43745306874856715
0.43745306874856715
0.43745306874856715
0.43745306874856715
0.43745306874856715
0.43745306874856715
0.43745306874856715
0.43745306874856715
0.43745306874856715
0.43745306874856715
0.43745306874856715
0.43745306874856715
0.43745306874856715
0.43745306874856715
0.43745306874856715
0.43745306874856715
0.43745306874856715
0.43745306874856715
0.43745306874856715
0.43745306874856715
0.43745306874856715
0.43745306874856715
0.43745306874856715
0.43745306874856715
0.43745306874856715
0.43745306874856715
0.43745306874856715
0.43745306874856715
0.43745306874856715
0.43745306874856715
0.43745306874856715
0.43745306874856715
0.43745306874856715
0.43745306874856715
0.43745306874856715
0.43745306874856715
0.43745306874856715
0.43745306874856715
0.43745306874856715
0.43745306874856715
0.43745306874856715
0.43745306874856715
0.43745306874856715
0.43745306874856715
0.43745306874856715
0.43745306874856715
0.43745306874856715
0.43745306874856715
0.43745306874856715
0.43745306874856715
0.43745306874856715
0.43745306874856715
0.43745306874856715
0.43745306874856715
0.43745306874856715
0.43745306874856715
0.43745306874856715
0.43745306874856715
0.43745306874856715
0.43745306874856715
0.43745306874856715
0.43745306874856715
0.43745306874856715
0.43745306874856715
0.43745306874856715
0.43745306874856715
0.43745306874856715
0.43745306874856715
0.43745306874856715
0.43745306874856715
0.43745306874856715
0.43745306874856715
0.43745306874856715
0.43745306874856715
0.43745306874856715
0.43745306874856715
0.43745306874856715
0.43745306874856715
0.43745306874856715
0.43745306874856715
0.43745306874856715
0.43745306874856715
0.43745306874856715
0.43745306874856715
0.43745306874856715
0.43745306874856715
0.43745306874856715
0.43745306874856715
0.43745306874856715
0.43745306874856715
0.43745306874856715
0.43745306874856715
0.43745306874856715
0.43745306874856715
0.43745306874856715
0.43745306874856715
0.43745306874856715
0.43745306874856715
0.43745306874856715
0.43745306874856715
0.43745306874856715
0.43745306874856715
0.43745306874856715
0.43745306874856715
0.43745306874856715
0.43745306874856715
0.43745306874856715
0.43745306874856715
0.43745306874856715
0.43745306874856715
0.43745306874856715
0.43745306874856715
0.43745306874856715
0.43745306874856715
0.43745306874856715
0.43745306874856715
0.43745306874856715
0.43745306874856715
0.43745306874856715
0.43745306874856715
0.43745306874856715
0.43745306874856715
0.43745306874856715
0.43745306874856715
0.43745306874856715
0.43745306874856715
0.43745306874856715
0.43745306874856715
0.43745306874856715
0.43745306874856715
0.43745306874856715
0.43745306874856715
0.43745306874856715
0.43745306874856715
0.43745306874856715
0.43745306874856715
0.43745306874856715
0.43745306874856715
0.43745306874856715
0.43745306874856715
0.43745306874856715
0.43745306874856715
0.43745306874856715
0.43745306874856715
0.43745306874856715
0.43745306874856715
0.43745306874856715
0.43745306874856715
0.43745306874856715
0.43745306874856715
0.43745306874856715
0.43745306874856715
0.43745306874856715
0.43745306874856715
0.43745306874856715
0.43745306874856715
0.43745306874856715
0.43745306874856715
0.43745306874856715
0.43745306874856715
0.43745306874856715
0.43745306874856715
0.43745306874856715
0.43745306874856715
0.43745306874856715
0.43745306874856715
0.43745306874856715
0.43745306874856715
0.43745306874856715
0.43745306874856715
0.43745306874856715
0.43745306874856715
0.43745306874856715
0.43745306874856715
0.43745306874856715
0.43745306874856715
0.43745306874856715
0.43745306874856715
0.43745306874856715
0.43745306874856715
0.43745306874856715
0.43745306874856715
0.43745306874856715
0.43745306874856715
0.43745306874856715
0.43745306874856715
0.43745306874856715
0.43745306874856715
0.43745306874856715
0.43745306874856715
0.43745306874856715
0.43745306874856715
0.43745306874856715
0.43745306874856715
0.43745306874856715
0.43745306874856715
0.43745306874856715
0.43745306874856715
0.43745306874856715
0.43745306874856715
0.43745306874856715
0.43745306874856715
0.43745306874856715
0.43745306874856715
0.43745306874856715
0.43745306874856715
0.43745306874856715
0.43745306874856715
0.43745306874856715
0.43745306874856715
0.43745306874856715
0.43745306874856715
0.43745306874856715
0.43745306874856715
0.43745306874856715
0.43745306874856715
0.43745306874856715
0.43745306874856715
0.43745306874856715
0.43745306874856715
0.43745306874856715
0.43745306874856715
0.43745306874856715
0.43745306874856715
0.43745306874856715
0.43745306874856715
0.43745306874856715
0.43745306874856715
0.43745306874856715
0.43745306874856715
0.43745306874856715
0.43745306874856715
0.43745306874856715
0.43745306874856715
0.43745306874856715
0.43745306874856715
0.43745306874856715
0.43745306874856715
0.43745306874856715
0.43745306874856715
0.43745306874856715
0.43745306874856715
0.43745306874856715
0.43745306874856715
0.43745306874856715
0.43745306874856715
0.43745306874856715
0.43745306874856715
0.43745306874856715
0.43745306874856715
0.43745306874856715
0.43745306874856715
0.43745306874856715
0.43745306874856715
0.43745306874856715
0.43745306874856715
0.43745306874856715
0.43745306874856715
0.43745306874856715
0.43745306874856715
0.43745306874856715
0.43745306874856715
0.43745306874856715
0.43745306874856715
0.43745306874856715
0.43745306874856715
0.43745306874856715
0.43745306874856715
0.43745306874856715
0.43745306874856715
0.43745306874856715
0.43745306874856715
0.43745306874856715
0.43745306874856715
0.43745306874856715
0.43745306874856715
0.43745306874856715
0.43745306874856715
0.43745306874856715
0.43745306874856715
0.43745306874856715
0.43745306874856715
0.43745306874856715
0.43745306874856715
0.43745306874856715
0.43745306874856715
0.43745306874856715
0.43745306874856715
0.43745306874856715
0.43745306874856715
0.43745306874856715
0.43745306874856715
0.43745306874856715
0.43745306874856715
0.43745306874856715
0.43745306874856715
0.43745306874856715
0.43745306874856715
0.43745306874856715
0.43745306874856715
0.43745306874856715
0.43745306874856715
0.43745306874856715
0.43745306874856715
0.43745306874856715
0.43745306874856715
0.43745306874856715
0.43745306874856715
0.43745306874856715
0.43745306874856715
0.43745306874856715
0.43745306874856715
0.43745306874856715
0.43745306874856715
0.43745306874856715
0.43745306874856715
0.43745306874856715
0.43745306874856715
0.43745306874856715
0.43745306874856715
0.43745306874856715
0.43745306874856715
0.43745306874856715
0.43745306874856715
0.43745306874856715
0.43745306874856715
0.43745306874856715
0.43745306874856715
0.43745306874856715
0.43745306874856715
0.43745306874856715
0.43745306874856715
0.43745306874856715
0.43745306874856715
0.43745306874856715
0.43745306874856715
0.43745306874856715
0.43745306874856715
0.43745306874856715
0.43745306874856715
0.43745306874856715
0.43745306874856715
0.43745306874856715
0.43745306874856715
0.43745306874856715
0.43745306874856715
0.43745306874856715
0.43745306874856715
0.43745306874856715
0.43745306874856715
0.43745306874856715
0.43745306874856715
0.43745306874856715
0.43745306874856715
0.43745306874856715
0.43745306874856715
0.43745306874856715
0.43745306874856715
0.43745306874856715
0.43745306874856715
0.43745306874856715
0.43745306874856715
0.43745306874856715
0.43745306874856715
0.43745306874856715
0.43745306874856715
0.43745306874856715
0.43745306874856715
0.43745306874856715
0.43745306874856715
0.43745306874856715
0.43745306874856715
0.43745306874856715
0.43745306874856715
0.43745306874856715
0.43745306874856715
0.43745306874856715
0.43745306874856715
0.43745306874856715
0.43745306874856715
0.43745306874856715
0.43745306874856715
0.43745306874856715
0.43745306874856715
0.43745306874856715
0.43745306874856715
0.43745306874856715
0.43745306874856715
0.43745306874856715
0.43745306874856715
0.43745306874856715
0.43745306874856715
0.43745306874856715
0.43745306874856715
0.43745306874856715
0.43745306874856715
0.43745306874856715
0.43745306874856715
0.43745306874856715
0.43745306874856715
0.43745306874856715
0.43745306874856715
0.43745306874856715
0.43745306874856715
0.43745306874856715
0.43745306874856715
0.43745306874856715
0.43745306874856715
0.43745306874856715
0.43745306874856715
0.43745306874856715
0.43745306874856715
0.43745306874856715
0.43745306874856715
0.43745306874856715
0.43745306874856715
0.43745306874856715
0.43745306874856715
0.43745306874856715
0.43745306874856715
0.43745306874856715
0.43745306874856715
0.43745306874856715
0.43745306874856715
0.43745306874856715
0.43745306874856715
0.43745306874856715
0.43745306874856715
0.43745306874856715
0.43745306874856715
