0.20016058015941973
0.20096340903137366
0.20176611771666875
0.20256870578910946
0.20337117282057116
0.2041735183809914
0.20497574203835978
0.20577784335870453
0.2065798219060846
0.2073816772425774
0.2081834089282688
0.20898501652124124
0.20978649957756423
0.21058785765128163
0.21138909029440112
0.2121901970568847
0.21299117748663443
0.21379203112948297
0.2145927575291826
0.21539335622739197
0.21619382676366627
0.21699416867544485
0.21779438149803876
0.21859446476462097
0.21939441800621262
0.22019424075167238
0.22099393252768307
0.22179349285874195
0.22259292126714558
0.22339221727297942
0.2241913803941058
0.22499041014615018
0.2257893060424898
0.22658806759424066
0.22738669431024494
0.22818518569705826
0.2289835412589376
0.22978176049782628
0.2305798429133441
0.23137778800277164
0.2321755952610387
0.23297326418071074
0.2337707942519749
0.2345681849626271
0.23536543579805902
0.23616254624124422
0.23695951577272423
0.23775634387059452
0.23855303001049122
0.23934957366557796
0.24014597430653062
0.24094223140152304
0.24173834441621356
0.24253431281373117
0.24333013605466025
0.24412581359702612
0.2449213448962808
0.2457167294052891
0.2465119665743123
0.247307055850994
0.24810199668034505
0.2488967885047293
0.2496914307638478
0.2504859228947225
0.25128026433168316
0.2520744545063496
0.25286849284761836
0.25366237878164477
0.25445611173182914
0.2552496911187996
0.25604311636039667
0.2568363868716568
0.25762950206479673
0.2584224613491972
0.25921526413138585
0.2600079098150212
0.2608003978008757
0.26159272748682016
0.262384898267805
0.26317690953584405
0.26396876067999875
0.26476045108635926
0.2655519801380277
0.2663433472151009
0.26713455169465283
0.2679255929507165
0.2687164703542675
0.26950718327320455
0.27029773107233135
0.2710881131133409
0.2718783287547941
0.2726683773521035
0.2734582582575136
0.27424797082008356
0.2750375143856665
0.27582688829689217
0.27661609189314773
0.27740512451055777
0.27819398548196617
0.27898267413691613
0.27977118980162996
0.2805595317989902
0.28134769944852067
0.282135692066364
0.28292350896526486
0.28371114945454634
0.28449861284009215
0.28528589842432517
0.2860730055061864
0.2868599333811155
0.2876466813410279
0.28843324867429576
0.28921963466572587
0.29000583859653783
0.2907918597443431
0.29157769738312345
0.29236335078320885
0.2931488192112559
0.2939341019302253
0.29471919819936
0.29550410727416243
0.29628882840637183
0.29707336084394287
0.2978577038310204
0.2986418566079183
0.2994258184110963
0.30020958847313517
0.30099316602271475
0.30177655028458994
0.3025597404795649
0.30334273582447246
0.3041255355321477
0.30490813881140333
0.30569054486700686
0.30647275289965437
0.3072547621059468
0.30803657167836385
0.3088181808052395
0.30959958867073645
0.3103807944548207
0.31116179733323523
0.3119425964774749
0.31272319105475976
0.31350358022800884
0.31428376315581397
0.3150637389924129
0.31584350688766216
0.31662306598701095
0.3174024154314725
0.3181815543575982
0.31896048189744897
0.3197391971785669
0.32051769932394947
0.32129598745201926
0.3220740606765955
0.3228519181068674
0.32362955884736344
0.32440698199792317
0.32518418665366733
0.32596117190496954
0.32673793683742647
0.3275144805318262
0.32829080206412076
0.32906690050539344
0.32984277492183056
0.33061842437468947
0.33139384792026694
0.3321690446098696
0.33294401348978164
0.33371875360123315
0.33449326398036905
0.3352675436582162
0.33604159166065095
0.336815407008368
0.33758898871684584
0.3383623357963149
0.3391354472517245
0.33990832208270816
0.34068095928355135
0.3414533578431562
0.34222551674500834
0.34299743496714186
0.3437691114821051
0.344540545256925
0.34531173525307224
0.3460826804264261
0.3468533797272386
0.34762383210009773
0.3483940364838921
0.34916399181177504
0.34993369701112587
0.3507031510035141
0.35147235270466304
0.35224130102440976
0.3530099948666696
0.35377843312939716
0.3545466147045474
0.3553145384780372
0.3560822033297075
0.3568496081332819
0.35761675175632923
0.3583836330602225
0.35915025090009933
0.3599166041248206
0.3606826915769311
0.3614485120926173
0.3622140645016668
0.36297934762742634
0.3637443602867605
0.36450910129000824
0.36527356944094114
0.3660377635367207
0.3668016823678547
0.3675653247181536
0.36832868936468766
0.3690917750777414
0.3698545806207699
0.3706171047503549
0.3713793462161572
0.3721413037608736
0.37290297612018974
0.3736643620227349
0.3744254601900342
0.3751862693364635
0.3759467881692
0.3767070153881765
0.3774669496860332
0.37822658974806855
0.37898593425219207
0.37974498186887373
0.3805037312610958
0.38126218108430243
0.3820203299863505
0.38277817660745805
0.383535719580154
0.38429295752922676
0.38504988907167303
0.38580651281664546
0.3865628273654004
0.38731883131124434
0.3880745232394823
0.3888299017273632
0.38958496534402576
0.39033971265044476
0.39109414219937555
0.3918482525353
0.392602042194369
0.39335550970434885
0.3941086535845624
0.3948614723458338
0.3956139644904305
0.3963661285120057
0.3971179628955399
0.39786946611728247
0.3986206366446924
0.39937147293637965
0.40012197344204425
0.4008721366024156
0.40162196084919266
0.40237144460498175
0.403120586283235
0.4038693842881884
0.40461783701479825
0.4053659428486792
0.4061137001660391
0.40686110733361536
0.40760816270861133
0.40835486463862913
0.40910121146160583
0.40984720150574583
0.41059283308945527
0.4113381045212743
0.4120830140998094
0.4128275601136646
0.4135717408413748
0.4143155545513343
0.41505899950172764
0.41580207394046
0.41654477610508545
0.41728710422273485
0.41802905651004707
0.41877063117309266
0.41951182640730367
0.4202526403973976
0.42099307131730535
0.4217331173300948
0.4224727765878973
0.42321204723183037
0.4239509273919213
0.4246894151870301
0.4254275087247731
0.4261652061014427
0.42690250540193053
0.427639404699646
0.42837590205643816
0.4291119955225129
0.429847683136354
0.43058296292463916
0.43131783290215886
0.43205229107173204
0.43278633542412315
0.4335199639379572
0.4342531745796351
0.43498596530324696
0.43571833405048643
0.43645027875056364
0.43718179732011686
0.4379128876631241
0.4386435476708148
0.43937377522157917
0.4401035681808775
0.4408329244011495
0.4415618417217222
0.44229031796871754
0.44301835095495934
0.4437459384798774
0.4444730783294154
0.4451997682759329
0.44592600607811095
0.4466517894808545
0.44737711621519416
0.4481019839981877
0.4488263905328219
0.44955033350791185
0.45027381059799987
0.4509968194632541
0.45171935774936656
0.45244142308745006
0.4531630130939327
0.4538841253704562
0.4546047575037676
0.4553249070656138
0.456044571612635
0.4567637486862558
0.4574824358125772
0.45820063050226656
0.45891833025044704
0.4596355325365865
0.46035223482438525
0.4610684345616628
0.46178412918024414
0.46249931609584494
0.46321399270795616
0.46392815639972673
0.46464180453784665
0.4653549344724285
0.46606754353688806
0.4667796290478252
0.46749118830490166
0.4682022185907184
0.4689127171706946
0.46962268129294205
0.47033210818814164
0.47104099506941655
0.4717493391322063
0.47245713755413876
0.4731643874949012
0.47387108609611095
0.4745772304811847
0.4752828177552074
0.47598784500479874
0.4766923092979797
0.4773962076840387
0.4780995371933955
0.4788022948374643
0.4795044776085161
0.48020608247954033
0.4809071064041045
0.48160754631621416
0.4823073991301702
0.4830066617404264
0.483705331021445
0.4844034038275524
0.48510087699279203
0.4857977473307773
0.48649401163454364
0.48718966667639885
0.4878847092077717
0.4885791359590621
0.48927294363948626
0.48996612893692393
0.49065868851776306
0.4913506190267426
0.4920419170867967
0.4927325792988949
0.4934226022418833
0.49411198247232235
0.494800716524327
0.4954888009094012
0.4961762321162744
0.49686300661073624
0.49754912083546843
0.49823457120987913
0.4989193541299308
0.49960346596797156
0.5002869030725631
0.5009696617683075
0.5016517383556732
0.5023331291108193
0.5030138302854198
0.5036938381064842
0.50437314877618
0.5050517584716501
0.5057296633448335
0.5064068595222807
0.5070833431049702
0.5077591101681215
0.5084341567610108
0.5091084789067801
0.5097820726022498
0.5104549338177268
0.5111270584968128
0.511798442556211
0.512469081885531
0.5131389723470929
0.5138081097757307
0.5144764899785927
0.5151441087349417
0.5158109617959534
0.5164770448845147
0.5171423536950188
0.5178068838931604
0.5184706311157279
0.5191335909703967
0.5197957590355188
0.5204571308599129
0.5211177019626511
0.5217774678328465
0.5224364239294385
0.5230945656809752
0.5237518884853972
0.5244083877098183
0.525064058690305
0.5257188967316555
0.526372897107176
0.5270260550584573
0.5276783657951479
0.5283298244947281
0.5289804263022813
0.5296301663302642
0.5302790396582759
0.5309270413328253
0.5315741663670976
0.5322204097407194
0.5328657663995218
0.5335102312553033
0.5341537991855909
0.534796465033399
0.5354382236069891
0.5360790696796255
0.5367189979893324
0.537358003238648
0.5379960800943773
0.5386332231873445
0.5392694271121449
0.5399046864268927
0.5405389956529709
0.5411723492747775
0.5418047417394721
0.5424361674567196
0.5430666207984355
0.5436960960985279
0.5443245876526382
0.5449520897178813
0.5455785965125856
0.5462041022160307
0.5468286009681846
0.54745208686944
0.5480745539803475
0.5486959963213526
0.5493164078725261
0.5499357825732982
0.5505541143221885
0.5511713969765365
0.5517876243522314
0.5524027902234407
0.5530168883223384
0.5536299123388315
0.5542418559202865
0.5548527126712559
0.5554624761532023
0.5560711398842232
0.5566786973387754
0.5572851419473976
0.5578904670964339
0.5584946661277558
0.5590977323384847
0.5596996589807133
0.5603004392612267
0.5609000663412247
0.5614985333360415
0.5620958333148679
0.5626919593004703
0.5632869042689139
0.5638806611492813
0.5644732228233942
0.5650645821255353
0.5656547318421687
0.5662436647116625
0.56683137342401
0.5674178506205532
0.5680030888937053
0.5685870807866745
0.5691698187931892
0.5697512953572228
0.5703315028727198
0.5709104336833235
0.5714880800821043
0.5720644343112886
0.5726394885619904
0.5732132349739439
0.5737856656352358
0.5743567725820414
0.5749265477983629
0.5754949832157666
0.5760620707131255
0.5766278021163613
0.5771921691981908
0.5777551636778726
0.5783167772209586
0.5788770014390467
0.5794358278895368
0.5799932480753894
0.5805492534448883
0.5811038353914058
0.5816569852531711
0.5822086943130448
0.5827589537982931
0.5833077548803693
0.5838550886746998
0.5844009462404721
0.5849453185804286
0.585488196640667
0.5860295713104426
0.5865694334219786
0.5871077737502804
0.5876445830129575
0.5881798518700478
0.5887135709238531
0.5892457307187777
0.5897763217411748
0.5903053344191999
0.5908327591226723
0.5913585861629436
0.5918828057927744
0.5924054082062193
0.5929263835385209
0.5934457218660124
0.5939634132060289
0.5944794475168307
0.5949938146975338
0.5955065045880524
0.5960175069690522
0.5965268115619147
0.597034408028713
0.597540285972199
0.5980444349358053
0.5985468444036575
0.5990475038006005
0.5995464024922406
0.6000435297849993
0.6005388749261826
0.6010324271040681
0.6015241754480033
0.6020141090285255
0.6025022168574944
0.6029884878882459
0.6034729110157603
0.6039554750768524
0.6044361688503805
0.6049149810574723
0.6053919003617766
0.6058669153697321
0.606340014630861
0.6068111866380826
0.6072804198280548
0.6077477025815349
0.608213023223769
0.6086763700249052
0.6091377312004359
0.6095970949116647
0.6100544492662043
0.6105097823185017
0.6109630820703947
0.6114143364717008
0.611863533420835
0.6123106607654639
0.6127557063031923
0.6131986577822853
0.6136395029024277
0.6140782293155188
0.6145148246265077
0.614949276394268
0.6153815721325113
0.6158116993107463
0.6162396453552788
0.616665397650257
0.6170889435387636
0.6175102703239544
0.6179293652702457
0.6183462156045525
0.6187608085175785
0.619173131165159
0.6195831706696581
0.6199909141214229
0.6203963485802965
0.620799461077188
0.6212002386157075
0.6215986681738613
0.6219947367058132
0.6223884311437127
0.6227797383995922
0.6231686453673325
0.6235551389247049
0.6239392059354844
0.6243208332516408
0.624700007715609
0.6250767161626404
0.6254509454232358
0.6258226823256658
0.6261919136985782
0.6265586263736963
0.6269228071886076
0.6272844429896505
0.6276435206348965
0.628000026997234
0.6283539489675545
0.6287052734580441
0.629053987405584
0.6294000777752611
0.6297435315639943
0.6300843358042769
0.6304224775680384
0.6307579439706307
0.6310907221749397
0.6314207993956262
0.6317481629034996
0.6320728000300267
0.632394698171982
0.6327138447962368
0.6330302274446982
0.6333438337393952
0.633654651387718
0.6339626681878162
0.6342678720341536
0.6345702509232313
0.6348697929594754
0.6351664863612975
0.6354603194673314
0.6357512807428484
0.6360393587863562
0.6363245423363836
0.6366068202784603
0.6368861816522876
0.6371626156591116
0.6374361116692981
0.6377066592301159
0.637974248073732
0.6382388681254216
0.6385005095119983
0.6387591625704687
0.6390148178569148
0.6392674661556076
0.6395170984883587
0.6397637061241094
0.6400072805887665
0.6402478136752833
0.6404852974539944
0.6407197242832047
0.6409510868200369
0.6411793780315428
0.6414045912060787
0.6416267199649511
0.6418457582743324
0.6420617004574541
0.6422745412070753
0.6424842755982308
0.6426908991012633
0.642894407595136
0.6430947973810339
0.6432920651962497
0.6434862082283569
0.6436772241296718
0.643865111032003
0.6440498675616866
0.6442314928549105
0.6444099865733215
0.6445853489199151
0.6447575806552049
0.6449266831136704
0.6450926582204733
0.6452555085084423
0.6454152371353197
0.6455718479012582
0.6457253452665683
0.6458757343696967
0.6460230210454356
0.6461672118433431
0.6463083140463676
0.646446335689657
0.6465812855795405
0.646713173312662
0.6468420092952489
0.646967804762491
0.6470905717980086
0.6472103233533826
0.6473270732677204
0.6474408362872226
0.6475516280847212
0.647659465279152
0.6477643654549187
0.6478663471811112
0.6479654300305264
0.648061634598445
0.6481549825211094
0.6482454964938437
0.6483332002887544
0.6484181187719428
0.6485002779201573
0.6485797048368084
0.6486564277672608
0.6487304761133142
0.6488018804467776
0.648870672522032
0.6489368852874718
0.64900055289571
0.6490617107124184
0.649120395323671
0.6491766445416473
0.6492304974085441
0.6492819941985345
0.6493311764176014
0.6493780868010668
0.6494227693086203
0.6494652691166479
0.6495056326076413
0.649543907356463
0.6495801421132279
0.6496143867825513
0.6496466923988964
0.6496771110977496
0.6497056960823334
0.6497325015855585
0.6497575828269047
0.6497809959639079
0.6498027980379267
0.6498230469138463
0.6498418012133809
0.6498591202416231
0.6498750639064933
0.6498896926307468
0.6499030672561952
0.6499152489398238
0.6499262990414945
0.6499362790029557
0.6499452502179197
0.649953273893009
0.6499604108994352
0.6499667216153568
0.6499722657589441
0.6499771022123054
0.6499812888365664
0.6499848822785614
0.6499879377698113
0.6499905089186961
0.6499926474970427
0.6499944032226816
0.6499958235399621
0.6499969534006964
0.6499978350486032
0.6499985078110025
0.649999007902343
0.6499993682450986
0.6499996183147206
0.6499997840166667
0.6499998876051174
0.6499999476548664
0.6499999791000873
0.6499999933563305
0.6499999985452631
0.6499999998455337
0.6499999999979769
