0.20011922253309128
0.20071543205919454
0.2013118033891468
0.20190833702825844
0.20250503348376184
0.20310189326481953
0.20369891688253255
0.2042961048499488
0.20489345768207148
0.20549097589586715
0.20608866001027448
0.20668651054621268
0.2072845280265899
0.20788271297631158
0.20848106592228977
0.20907958739345073
0.20967827792074445
0.21027713803715287
0.2108761682776987
0.2114753691794543
0.2120747412815505
0.21267428512518516
0.2132740012536326
0.21387389021225198
0.21447395254849655
0.2150741888119227
0.21567459955419882
0.2162751853291146
0.21687594669258992
0.21747688420268432
0.21807799841960596
0.21867928990572089
0.21928075922556256
0.21988240694584088
0.22048423363545175
0.22108623986548634
0.2216884262092408
0.22229079324222564
0.222893341542175
0.22349607168905664
0.22409898426508132
0.22470207985471255
0.2253053590446763
0.22590882242397065
0.22651247058387572
0.22711630411796338
0.2277203236221073
0.2283245296944926
0.2289289229356261
0.22953350394834618
0.2301382733378328
0.23074323171161762
0.23134837967959426
0.23195371785402824
0.23255924684956747
0.23316496728325237
0.23377087977452615
0.23437698494524523
0.23498328341968971
0.23558977582457363
0.23619646278905568
0.23680334494474956
0.23741042292573472
0.23801769736856676
0.23862516891228835
0.2392328381984398
0.23984070587106976
0.24044877257674646
0.24105703896456782
0.24166550568617307
0.2422741733957533
0.2428830427500625
0.24349211440842872
0.24410138903276504
0.24471086728758082
0.24532054983999274
0.24593043735973616
0.24654053051917632
0.24715082999331967
0.24776133645982526
0.24837205059901613
0.24898297309389072
0.24959410463013462
0.25020544589613186
0.25081699758297654
0.25142876038448486
0.2520407349972063
0.25265292212043555
0.2532653224562246
0.25387793670939407
0.25449076558754574
0.255103809801074
0.25571707006317795
0.2563305470898736
0.2569442416000058
0.2575581543152604
0.25817228596017683
0.2587866372621596
0.25940120895149127
0.26001600176134454
0.26063101642779446
0.26124625368983123
0.26186171428937244
0.26247739897127564
0.2630933084833511
0.26370944357637427
0.2643258050040986
0.2649423935232681
0.2655592098936306
0.2661762548779498
0.266793529242019
0.2674110337546735
0.2680287691878039
0.26864673631636893
0.2692649359184087
0.2698833687750579
0.27050203567055875
0.2711209373922745
0.2717400747307027
0.27235944847948856
0.27297905943543815
0.2735989083985323
0.27421899617193957
0.2748393235620301
0.27545989137838955
0.27608070043383204
0.2767017515444145
0.27732304552945025
0.27794458321152266
0.2785663654164992
0.27918839297354536
0.2798106667151385
0.28043318747708207
0.2810559560985197
0.2816789734219491
0.2823022402932364
0.2829257575616306
0.2835495260797771
0.2841735467037334
0.284797820292982
0.285422347710446
0.2860471298225028
0.2866721674989994
0.2872974616132662
0.2879230130421324
0.28854882266594023
0.2891748913685599
0.2898012200374044
0.2904278095634444
0.291054660841223
0.291681774768871
0.2923091522481215
0.29293679418432544
0.29356470148646646
0.29419287506717606
0.294821315842749
0.2954500247331585
0.29607900266207143
0.296708250556864
0.29733776934863687
0.29796755997223084
0.2985976233662424
0.2992279604730393
0.29985857223877593
0.30048945961340945
0.30112062355071517
0.30175206500830276
0.3023837849476314
0.30301578433402643
0.30364806413669476
0.3042806253287413
0.30491346888718457
0.30554659579297305
0.3061800070310013
0.30681370359012605
0.30744768646318266
0.308081956647001
0.3087165151424223
0.3093513629543153
0.30998650109159237
0.31062193056722665
0.31125765239826797
0.3118936676058599
0.312529977215256
0.31316658225583666
0.3138034837611259
0.31444068276880804
0.3150781803207445
0.3157159774629907
0.31635407524581277
0.3169924747237052
0.31763117695540655
0.3182701830039179
0.31890949393651896
0.31954911082478554
0.3201890347446068
0.32082926677620227
0.32146980800413916
0.32211065951734985
0.32275182240914907
0.32339329777725107
0.3240350867237873
0.32467719035532405
0.3253196097828797
0.32596234612194197
0.3266054004924861
0.32724877401899216
0.3278924678304629
0.32853648306044086
0.3291808208470269
0.32982548233289744
0.33047046866532265
0.33111578099618394
0.3317614204819917
0.3324073882839038
0.3330536855677432
0.33370031350401574
0.3343472732679286
0.33499456603940786
0.33564219300311693
0.3362901553484743
0.33693845426967206
0.3375870909656941
0.3382360666403337
0.3388853825022124
0.3395350397647979
0.34018503964642216
0.34083538337030006
0.3414860721645479
0.342137107262201
0.34278848990123273
0.34344022132457236
0.3440923027801242
0.34474473552078533
0.3453975208044642
0.3460506598940993
0.3467041540576773
0.34735800456825194
0.3480122127039623
0.3486667797480515
0.34932170698888476
0.3499769957199684
0.3506326472399685
0.35128866285272914
0.3519450438672907
0.3526017915979092
0.3532589073640744
0.3539163924905282
0.3545742483072838
0.35523247614964376
0.3558910773582189
0.35655005327894684
0.3572094052631106
0.3578691346673568
0.358529242853715
0.3591897311896155
0.35985060104790834
0.3605118538068817
0.36117349085028083
0.3618355135673258
0.36249792335273057
0.36316072160672136
0.36382390973505546
0.36448748914903895
0.36515146126554576
0.36581582750703573
0.36648058930157335
0.367145748082846
0.3678113052901819
0.3684772623685689
0.3691436207686727
0.36981038194685467
0.3704775473651905
0.37114511849148857
0.37181309679930713
0.3724814837679734
0.37315028088260077
0.37381948963410777
0.374489111519235
0.3751591480405634
0.37582960070653215
0.37650047103145673
0.37717176053554596
0.37784347074492025
0.378515603191629
0.3791881594136678
0.3798611409549965
0.38053454936555603
0.38120838620128583
0.3818826530241416
0.38255735140211194
0.3832324829092354
0.38390804912561727
0.3845840516374474
0.38526049203701623
0.38593737192273136
0.3866146928991347
0.3872924565769187
0.38797066457294266
0.3886493185102494
0.3893284200180811
0.39000797073189547
0.3906879722933814
0.3913684263504756
0.39204933455737745
0.392730698574565
0.39341252006881033
0.394094800713195
0.3947775421871249
0.39546074617634536
0.3961444143729564
0.396828548475427
0.39751315018860967
0.39819822122375526
0.398883763298527
0.39956977813701405
0.40025626746974646
0.40094323303370816
0.40163067657235013
0.4023185998356047
0.4030070045798984
0.40369589256816446
0.4043852655698559
0.405075125360958
0.40576547372400107
0.40645631244807184
0.4071476433288258
0.4078394681684989
0.4085317887759189
0.40922460696651614
0.4099179245623354
0.41061174339204576
0.41130606529095154
0.4120008921010023
0.41269622567080283
0.41339206785562255
0.4140884205174053
0.4147852855247783
0.4154826647530602
0.4161805600842711
0.4168789734071392
0.41757790661710925
0.4182773616163503
0.4189773403137629
0.4196778446249857
0.420378876472402
0.4210804377851464
0.4217825304991097
0.42248515655694563
0.4231883179080747
0.4238920165086902
0.4245962543217611
0.42530103331703745
0.4260063554710529
0.42671222276712806
0.4274186371953735
0.4281256007526915
0.4288331154427785
0.4295411832761263
0.43024980627002235
0.43095898644855135
0.4316687258425944
0.43237902648982873
0.4330898904347269
0.43380131972855485
0.43451331642937063
0.435225882602021
0.43593902031813925
0.4366527316561411
0.4373670187012204
0.4380818835453446
0.43879732828724977
0.43951335503243405
0.4402299658931517
0.44094716298840564
0.44166494844394016
0.44238332439223194
0.44310229297248144
0.44382185633060317
0.44454201661921533
0.4452627759976286
0.4459841366318348
0.446706100694494
0.44742867036492184
0.4481518478290749
0.4488756352795367
0.44960003491550204
0.45032504894276065
0.45105067957368056
0.45177692902718974
0.4525037995287578
0.45323129331037654
0.45395941261053957
0.4546881596742207
0.4554175367528526
0.4561475461043029
0.45687818999285085
0.4576094706891625
0.45834139047026445
0.4590739516195177
0.45980715642658865
0.46054100718742164
0.46127550620420854
0.46201065578535805
0.4627464582454632
0.46348291590526897
0.464220031091638
0.4649578061375155
0.4656962433818925
0.46643534516976826
0.4671751138521122
0.46791555178582334
0.4686566613336896
0.4693984448643446
0.47014090475222525
0.47088404337752565
0.4716278631261514
0.47237236638967184
0.47311755556527113
0.47386343305569767
0.474610001269213
0.4753572626195374
0.47610521952579693
0.47685387441246563
0.47760322970930874
0.4783532878513237
0.47910405127867883
0.47985552243665147
0.4806077037755637
0.4813605977507172
0.48211420682232564
0.482868533455446
0.4836235801199075
0.48437934929023946
0.4851358434455973
0.4858930650696863
0.4866510166506835
0.4874097006811581
0.4881691196579901
0.48892927608228637
0.4896901724592952
0.4904518112983186
0.4912141951126226
0.491977326419346
0.49274120773940594
0.49350584159740263
0.4942712305215202
0.49503737704342726
0.49580428369817425
0.49657195302408785
0.49734038756266435
0.4981095898584599
0.49887956245897813
0.49965030791455645
0.5004218287782485
0.5011941276057046
0.5019672069550505
0.5027410693867614
0.5035157174635365
0.504291153750167
0.5050673808134046
0.5058444012218261
0.5066222175456939
0.5074008323568164
0.5081802482284024
0.5089604677349144
0.5097414934519194
0.5105233279559342
0.51130597382427
0.5120894336348732
0.512873709966162
0.5136588053968605
0.5144447225058307
0.5152314638718978
0.5160190320736759
0.5168074296893875
0.5175966592966812
0.5183867234724445
0.5191776247926141
0.5199693658319808
0.5207619491639935
0.5215553773605563
0.5223496529918235
0.5231447786259904
0.5239407568290801
0.5247375901647261
0.5255352811939504
0.5263338324749384
0.5271332465628084
0.5279335260093784
0.5287346733629265
0.5295366911679484
0.53033958196491
0.5311433482899951
0.5319479926748489
0.5327535176463161
0.5335599257261755
0.5343672194308684
0.535175401271223
0.535984473752173
0.5367944393724723
0.5376053006244033
0.5384170599934806
0.5392297199581494
0.5400432829894793
0.5408577515508508
0.5416731280976377
0.5424894150768834
0.5433066149269726
0.5441247300772951
0.5449437629479058
0.5457637159491778
0.5465845914814496
0.547406391934666
0.5482291196880141
0.5490527771095511
0.5498773665558274
0.5507028903715022
0.5515293508889534
0.5523567504278805
0.5531850912949005
0.554014375783138
0.5548446061718073
0.5556757847257884
0.5565079136951959
0.5573409953149402
0.5581750318042817
0.5590100253663782
0.5598459781878244
0.5606828924381841
0.5615207702695149
0.5623596138158845
0.5631994251928805
0.5640402064971115
0.5648819598057002
0.5657246871757691
0.5665683906439175
0.56741307222569
0.5682587339150377
0.5691053776837699
0.5699530054809984
0.5708016192325719
0.571651220840503
0.5725018121823854
0.5733533951108025
0.5742059714527281
0.5750595430089162
0.5759141115532825
0.5767696788322778
0.5776262465642499
0.5784838164387982
0.579342390116117
0.5802019692263305
0.5810625553688179
0.581924150111528
0.5827867549902855
0.5836503715080855
0.5845150011343795
0.585380645304351
0.5862473054181804
0.5871149828403008
0.5879836788986426
0.5888533948838677
0.5897241320485943
0.5905958916066106
0.5914686747320784
0.5923424825587252
0.593217316179027
0.5940931766433794
0.5949700649592589
0.5958479820903733
0.5967269289558004
0.5976069064291176
0.598487915337519
0.5993699564609236
0.6002530305310708
0.6011371382306059
0.6020222801921556
0.6029084569973913
0.6037956691760824
0.6046839172051393
0.6055732015076444
0.6064635224518733
0.6073548803503058
0.6082472754586248
0.6091407079747069
0.6100351780376001
0.6109306857264931
0.611827231059674
0.6127248139934774
0.6136234344212241
0.6145230921721483
0.6154237870103166
0.616325518633538
0.6172282866722623
0.6181320906884713
0.6190369301745603
0.6199428045522108
0.6208497131712548
0.6217576553085311
0.6226666301667318
0.6235766368732452
0.6244876744789853
0.6253997419572209
0.6263128382023917
0.627226962028923
0.6281421121700319
0.629058287276528
0.6299754859156098
0.6308937065696566
0.6318129476350153
0.6327332074207844
0.6336544841475951
0.6345767759463885
0.6355000808571932
0.6364243968278999
0.6373497217130365
0.6382760532725421
0.6392033891705436
0.6401317269741331
0.6410610641521473
0.6419913980739512
0.6429227260082268
0.6438550451217633
0.6447883524782587
0.6457226450371257
0.6466579196523046
0.647594173071089
0.6485314019329596
0.6494696027684305
0.6504087719979081
0.6513489059305654
0.6522900007632313
0.6532320525792967
0.6541750573476394
0.65511901092157
0.6560639090377989
0.6570097473154257
0.6579565212549557
0.6589042262373421
0.659852857523056
0.6608024102511898
0.6617528794385905
0.6627042599790286
0.6636565466424044
0.6646097340739925
0.6655638167937274
0.6665187891955336
0.6674746455467006
0.668431379987306
0.6693889865296918
0.6703474590579909
0.6713067913277128
0.672266976965387
0.6732280094682692
0.6741898822041104
0.6751525884109958
0.6761161211972542
0.677080473541441
0.6780456382923984
0.6790116081693971
0.679978375762361
0.6809459335321804
0.6819142738111147
0.682883388803291
0.6838532705853007
0.6848239111068962
0.6857953021917967
0.6867674355385993
0.687740302721807
0.688713895192971
0.6896882042819571
0.6906632211983341
0.6916389370328937
0.692615342759302
0.6935924292358887
0.694570187207578
0.6955486073079633
0.6965276800615318
0.6975073958860422
0.6984877450950588
0.6994687179006475
0.7004503044162343
0.7014324946596343
0.7024152785562512
0.7033986459424513
0.7043825865691181
0.7053670901053867
0.7063521461425637
0.7073377441982341
0.7083238737205585
0.7093105240927603
0.7102976846378111
0.7112853446233072
0.712273493266547
0.7132621197398025
0.7142512131757921
0.7152407626733509
0.7162307573032994
0.7172211861145082
0.7182120381401595
0.7192033024042017
0.7201949679279944
0.721187023737142
0.7221794588685089
0.723172262377414
0.7241654233449972
0.7251589308857525
0.7261527741552187
0.7271469423578217
0.7281414247548539
0.7291362106725869
0.7301312895105008
0.7311266507496188
0.7321222839609334
0.7331181788139094
0.7341143250850459
0.7351107126664794
0.736107331574612
0.7371041719587388
0.7381012241096576
0.7390984784682363
0.7400959256339098
0.7410935563730863
0.7420913616274298
0.7430893325219958
0.7440874603731821
0.745085736696474
0.7460841532139406
0.7470827018614551
0.7480813747956039
0.7490801644002444
0.7500790632926819
0.7510780643294236
0.7520771606114721
0.7530763454891277
0.7540756125662537
0.7550749557039731
0.7560743690237598
0.7570738469098888
0.7580733840112106
0.7590729752422214
0.7600726157833971
0.7610723010807664
0.7620720268446977
0.7630717890478834
0.764071583922507
0.7650714079565791
0.7660712578894454
0.7670711307064628
0.7680710236328575
0.7690709341267791
0.7700708598715781
0.7710707987673385
0.7720707489217077
0.773070708640079
0.7740706764151851
0.7750706509161739
0.776070630977248
0.7770706155859592
0.7780706038712545
0.7790705950913811
0.7800705886217639
0.7810705839429734
0.7820705806289062
0.7830705783352997
0.7840705767887034
0.7850705757760237
0.7860705751347485
0.787070574743952
0.7880705745161544
0.7890705743901094
0.7900705743245473
0.7910705742928941
0.7920705742789478
0.7930705742734702
0.7940705742716152
0.7950705742711003
0.796070574270992
0.797070574270977
0.7980705742709762
0.7990705742709767
