0.10019769691145641
0.10514017444550805
0.11008277606960992
0.1150255362070034
0.11996849983673008
0.12491172472070677
0.12985528378672173
0.13479926755685767
0.13974378646000485
0.14468897281146642
0.1496349821872791
0.15458199387387173
0.1595302100458993
0.16447985332979753
0.16943116246179457
0.1743843858589349
0.17933977309650295
0.18429756452111778
0.1892579795074154
0.19422120415266142
0.19918737944803766
0.20415659110989015
0.20912886224547078
0.21410414983201176
0.21908234560627315
0.22406328143753584
0.22904673867331438
0.23403246041045778
0.23902016525937464
0.24400956101168614
0.2490003567180683
0.2539922720052741
0.2589850429358911
0.26397842424446427
0.2689721882737339
0.2739661213118374
0.278960018255739
0.283953676592835
0.28894689062368073
0.2939394466822751
0.2989311198893747
0.30392167273809145
0.3089108555899076
0.31372631902889414
0.31828790902727155
0.3227108568965118
0.326953400455015
0.33097035628304106
0.3347186025397745
0.3381641405836844
0.3412886576479589
0.3440932139449995
0.34659780315013966
0.3488373686525458
0.3508560968244443
0.35270184979895314
0.35442185336205667
0.35605993293139215
0.35765508328813456
0.35924098362335033
0.360846092235795
0.36304939429232597
0.3652690109754928
0.36752797521856984
0.369712613077973
0.37183649121859763
0.3739847829624521
0.3760280395621265
0.37812400539969804
0.38021308264583575
0.3823817951897297
0.3844948614252023
0.38656503854455226
0.3887512272776884
0.39092192406545345
0.39316206540221155
0.39548435587946806
0.39777016203556714
0.4001702213770606
0.4026367653700992
0.4051891811666912
0.407794089051554
0.4104818719777159
0.4132811409207332
0.4162173311093892
0.4193065034736676
0.42261107583557134
0.4261051784303336
0.42976699521026696
0.433577999921573
0.4375223285901122
0.44158627244028126
0.4457578719905476
0.4500265938704785
0.4543830742527988
0.4588189154922695
0.46332652509397
0.46789898831198984
0.47252996747354303
0.4772136225647795
0.48194454875611437
0.4867177274415937
0.49152848806797644
0.49637247857615796
0.5012456427036551
0.5059793596480924
0.5103985744665968
0.5148058798087394
0.5191914109070784
0.5235603450806983
0.527917942145229
0.5322697111054784
0.5366213103449801
0.5409783978261219
0.54534674652805
0.5497181509394499
0.5541119076460653
0.5585203526491616
0.5629608341944919
0.5674366042202718
0.5719299841519006
0.5764564831277432
0.5810275716442498
0.5856205749722541
0.5902548357299507
0.5949247215418875
0.5996315921364668
0.6043715956889822
0.6091521829593433
0.6139718776131287
0.6188251514386218
0.623707136168793
0.6286135345038765
0.6335405468763173
0.6384848106500763
0.6434433491294923
0.6484135282971345
0.6533930196339289
0.6583797677218356
0.6633706124219138
0.6682755796890965
0.6731236215478253
0.677889664815458
0.6825439375047943
0.6870547168015898
0.6913926573528464
0.6955357399028308
0.6994733225843357
0.7032079773697478
0.7067547084961292
0.7101381662164321
0.7133889832177726
0.7165402576188985
0.7196247764173582
0.7226731467857737
0.7257127372287385
0.7287672271001442
0.7318565602543253
0.7349971387055382
0.7382021402471908
0.7414818849543848
0.7448442055687658
0.7482947969944012
0.7518375329350364
0.7554747453984763
0.7592074671741382
0.76303563970288
0.766958289824815
0.7709736792316509
0.7750794303871152
0.7792726324072766
0.7835499300276264
0.7879075983922834
0.7923416060194622
0.7968476679453034
0.8014212907335472
0.8060578107634987
0.810752426972001
0.8155002290236617
0.8202962217136411
0.8251353462648819
0.8300124990629663
0.8349225482732752
0.8398603487036567
0.8448207552086391
0.8497986348759807
0.8547888781909935
0.859786409336935
0.8647861957593734
0.8693579394523776
0.8696815016979214
0.8727352915193627
0.877155096209071
0.8818966763098426
0.8866999066573138
0.891494339353632
0.8962528621292003
0.9009612552858257
0.9056101708752926
0.910192338495362
0.9147014340064555
0.9191316005150654
0.9234772463126771
0.9277329623352331
0.9318934909558625
0.935953716580274
0.9399086653611848
0.9447824349511982
0.9496120116720321
0.9543369105610531
0.9589447710153517
0.9634276177093715
0.9677805736491858
0.9720009170990663
0.9760874069119965
0.9800398078690322
0.9838585609569876
0.987544556851666
0.9910989820474696
0.994523215702501
0.9978187616462041
1.0009872045947876
1.0040301828870721
1.0069493723562453
1.0097464775691827
1.0124232277972642
1.0149813758757729
1.017422698665042
1.019748998217037
1.0219621030258743
1.0240638689348254
1.0260561794098852
1.0279409449881876
1.0297201017803372
1.0313956089576257
1.0329694451940634
1.034443604063448
1.0358200884162787
1.0371009037822767
1.0382880508630299
1.0393835171966943
1.0403892680932851
1.041307236955034
1.042139315111512
1.0428873413134092
1.043553091041578
1.044138265798599
1.0446444825580894
1.0450732635515676
1.0454260265733166
1.045704075979858
1.045908594552021
1.0460406363740802
1.0461011208661706
1.0460908280836683
1.0460103953711122
1.0458603154295913
1.0456409358264827
1.04535245994635
1.0449949493531
1.0445683275074453
1.0440723847615805
1.0435067845357016
1.0428710705692894
1.0421646751343372
1.0413869280979506
1.0405370667277454
1.0396142461446651
1.0386175503434598
1.0375460037202167
1.0363985830679905
1.0351742300247229
1.033871863981291
1.032490395480734
1.0310287401616867
1.0294858333190302
1.0278606451721781
1.0261521969456173
1.024359577876873
1.022481963273362
1.0205186337411267
1.0184689957045034
1.0163326033255946
1.0141091819150454
1.0117986528998588
1.0094011603784618
1.0069170992462162
1.0043471448139345
1.0016922837650712
0.9989538462005082
0.9961335383981453
0.9932334757602064
0.9902562152221244
0.9872047861335786
0.9840827182630947
0.9808940650720576
0.9776434196735788
0.9743359198195995
0.9709772366835081
0.9675735399241774
0.9641314283389442
0.9606578113044304
0.9571597216657364
0.9536440376551402
0.9501170949101045
0.9465841918240987
0.9430490590460412
