0.2001205951218401
0.20072356933076496
0.20132654120064708
0.20192951072430332
0.20253247789452145
0.20313544270406125
0.20373840514565167
0.20434136521199275
0.20494432289575482
0.20554727818957774
0.206150231086073
0.2067531815778203
0.2073561296573696
0.20795907531724067
0.2085620185499224
0.2091649593478735
0.2097678977035209
0.2103708336092609
0.21097376705745918
0.21157669804044943
0.21217962655053335
0.21278255257998224
0.2133854761210343
0.21398839716589624
0.21459131570674272
0.21519423173571606
0.21579714524492588
0.2164000562264492
0.21700296467233016
0.21760587057458025
0.21820877392517724
0.21881167471606644
0.21941457293915834
0.22001746858633076
0.22062036164942733
0.22122325212025773
0.22182613999059764
0.22242902525218788
0.22303190789673533
0.22363478791591174
0.2242376653013538
0.22484054004466314
0.2254434121374067
0.22604628157111528
0.22664914833728456
0.22725201242737447
0.22785487383280834
0.22845773254497326
0.2290605885552206
0.22966344185486487
0.23026629243518393
0.23086914028741856
0.23147198540277225
0.23207482777241162
0.2326776673874651
0.2332805042390238
0.23388333831814068
0.23448616961583135
0.23508899812307238
0.23569182383080167
0.23629464672991873
0.23689746681128376
0.23750028406571877
0.23810309848400557
0.23870591005688624
0.23930871877506377
0.23991152462920096
0.24051432760992064
0.2411171277078048
0.24171992491339478
0.24232271921719173
0.2429255106096555
0.2435282990812042
0.2441310846222151
0.24473386722302326
0.24533664687392243
0.24593942356516374
0.24654219728695637
0.2471449680294664
0.24774773578281728
0.24835050053708985
0.24895326228232117
0.24955602100850482
0.2501587767055906
0.2507615293634853
0.2513642789720498
0.25196702552110173
0.25256976900041384
0.2531725093997139
0.25377524670868445
0.2543779809169626
0.2549807120141403
0.25558343998976274
0.25618616483332923
0.2567888865342931
0.2573916050820604
0.2579943204659907
0.2585970326753968
0.2591997416995435
0.2598024475276475
0.26040515014887844
0.26100784955235756
0.2616105457271576
0.2622132386623022
0.26281592834676615
0.26341861476947526
0.2640212979193062
0.26462397778508473
0.26522665435558745
0.26582932761954026
0.2664319975656184
0.2670346641824466
0.2676373274585979
0.26823998738259425
0.26884264394290525
0.2694452971279495
0.2700479469260928
0.27065059332564734
0.2712532363148741
0.27185587588198
0.2724585120151184
0.2730611447023894
0.2736637739318384
0.2742663996914565
0.2748690219691805
0.2754716407528921
0.27607425603041746
0.27667686778952727
0.2772794760179367
0.2778820807033038
0.2784846818332307
0.279087279395263
0.27968987337688866
0.28029246376553774
0.28089505054858366
0.28149763371334036
0.28210021324706425
0.28270278913695246
0.28330536137014306
0.28390792993371483
0.2845104948146868
0.28511305600001746
0.28571561347660546
0.286318167231288
0.28692071725084123
0.2875232635219802
0.28812580603135807
0.28872834476556486
0.28933087971112936
0.2899334108545164
0.290535938182128
0.291138461680303
0.2917409813353149
0.2923434971333745
0.29294600906062596
0.2935485171031502
0.2941510212469616
0.2947535214780088
0.29535601778217435
0.2959585101452744
0.29656099855305795
0.2971634829912062
0.2977659634453331
0.2983684399009847
0.29897091234363726
0.29957338075869955
0.3001758451315101
0.3007783054473381
0.30138076169138217
0.3019832138487708
0.30258566190456126
0.3031881058437398
0.3037905456512202
0.3043929813118449
0.3049954128103831
0.3055978401315309
0.30620026325991156
0.30680268218007356
0.30740509687649165
0.30800750733356586
0.3086099135356206
0.30921231546690486
0.30981471311159126
0.3104171064537766
0.31101949547748
0.31162188016664316
0.3122242605051304
0.31282663647672737
0.31342900806514074
0.31403137525399816
0.31463373802684746
0.3152360963671561
0.31583845025831114
0.31644079968361827
0.31704314462630157
0.31764548506950296
0.318247820996282
0.31885015238961434
0.31945247923239295
0.32005480150742627
0.3206571191974382
0.3212594322850677
0.321861740752868
0.3224640445833059
0.32306634375876186
0.32366863826152925
0.32427092807381375
0.32487321317773243
0.325475493555314
0.3260777691884983
0.32668004005913465
0.327282306148982
0.32788456743970906
0.32848682391289274
0.329089075550018
0.3296913223324772
0.33029356424156986
0.3308958012585014
0.3314980333643833
0.3321002605402327
0.33270248276697045
0.3333047000254219
0.3339069122963161
0.33450911956028484
0.33511132179786207
0.33571351898948365
0.3363157111154864
0.3369178981561075
0.3375200800914846
0.3381222569016541
0.33872442856655127
0.33932659506600993
0.33992875637976006
0.34053091248742995
0.341133063368543
0.3417352090025185
0.34233734936867066
0.34293948444620814
0.34354161421423257
0.34414373865173964
0.3447458577376161
0.34534797145064156
0.34595007976948544
0.34655218267270815
0.3471542801387597
0.34775637214597854
0.34835845867259185
0.34896053969671414
0.3495626151963477
0.35016468514937915
0.3507667495335821
0.35136880832661455
0.3519708615060181
0.3525729090492179
0.3531749509335218
0.3537769871361195
0.35437901763408186
0.35498104240436035
0.3555830614237856
0.3561850746690668
0.3567870821167921
0.3573890837434269
0.3579910795253127
0.35859306943866764
0.3591950534595838
0.3597970315640282
0.3603990037278416
0.36100096992673714
0.36160293013629974
0.3622048843319856
0.36280683248912104
0.363408774582902
0.36401071058839296
0.36461264048052644
0.3652145642341018
0.365816481823784
0.3664183932241042
0.36702029840945727
0.3676221973541023
0.36822409003216083
0.3688259764176164
0.36942785648431287
0.370029730205955
0.3706315975561063
0.371233458508189
0.3718353130354827
0.372437161111123
0.37303900270810153
0.37364083779926494
0.37424266635731307
0.37484448835479867
0.3754463037641267
0.3760481125575531
0.37664991470718323
0.37725171018497194
0.37785349896272225
0.3784552810120845
0.3790570563045542
0.37965882481147295
0.3802605865040265
0.38086234135324304
0.381464089329994
0.382065830404991
0.38266756454878625
0.3832692917317705
0.38387101192417383
0.3844727250960621
0.3850744312173381
0.3856761302577387
0.3862778221868354
0.38687950697403195
0.38748118458856473
0.38808285499949935
0.388684518175732
0.3892861740859873
0.38988782269881683
0.39048946398259876
0.39109109790553653
0.39169272443565706
0.3922943435408107
0.39289595518866904
0.3934975593467246
0.39409915598228906
0.39470074506249253
0.3953023265542819
0.3959039004244205
0.39650546663948605
0.3971070251658694
0.39770857596977427
0.3983101190172156
0.39891165427401754
0.3995131817058132
0.4001147012780434
0.4007162129559545
0.4013177167045976
0.401919212488829
0.40252070027330533
0.40312218002248534
0.4037236517006273
0.40432511527178805
0.4049265706998221
0.40552801794837834
0.4061294569809021
0.40673088776063027
0.4073323102505927
0.4079337244136093
0.40853513021228915
0.4091365276090293
0.409737916566013
0.41033929704520866
0.410940669008368
0.4115420324170257
0.4121433872324961
0.41274473341587414
0.4133460709280318
0.41394739972961825
0.414548719781057
0.4151500310425459
0.4157513334740549
0.4163526270353237
0.41695391168586216
0.4175551873849478
0.41815645409162316
0.4187577117646971
0.41935896036274034
0.41996019984408584
0.42056143016682634
0.42116265128881325
0.42176386316765524
0.4223650657607152
0.4229662590251113
0.423567442917713
0.42416861739514067
0.42476978241376373
0.4253709379296987
0.4259720838988079
0.4265732202766983
0.42717434701871815
0.4277754640799579
0.4283765714152463
0.4289776689791499
0.4295787567259709
0.4301798346097453
0.43078090258424173
0.43138196060295997
0.43198300861912775
0.4325840465857014
0.4331850744553609
0.43378609218051134
0.43438709971327927
0.43498809700551155
0.43558908400877316
0.43619006067434574
0.436791026953226
0.4373919827961231
0.43799292815345836
0.4385938629753612
0.4391947872116697
0.43979570081192654
0.4403966037253787
0.4409974959009755
0.4415983772873654
0.4421992478328959
0.44280010748561016
0.44340095619324604
0.4440017939032337
0.44460262056269395
0.4452034361184357
0.4458042405169558
0.44640503370443463
0.4470058156267358
0.4476065862294034
0.44820734545766094
0.44880809325640825
0.44940882957022055
0.45000955434334566
0.45061026751970146
0.4512109690428766
0.4518116588561246
0.45241233690236526
0.4530130031241806
0.45361365746381277
0.4542142998631634
0.45481493026379094
0.4554155486069076
0.456016154833379
0.4566167488837205
0.4572173306980961
0.45781790021631585
0.4584184573778345
0.4590190021217484
0.45961953438679404
0.46022005411134614
0.4608205612334145
0.4614210556906432
0.46202153742030716
0.4626220063593116
0.4632224624441881
0.46382290561109407
0.46442333579580963
0.4650237529337362
0.46562415695989323
0.46622454780891676
0.46682492541505816
0.46742528971218045
0.46802564063375685
0.468625978112869
0.4692263020822036
0.46982661247405166
0.47042690922030606
0.47102719225245826
0.4716274615015976
0.4722277168984087
0.4728279583731687
0.47342818585574586
0.47402839927559715
0.4746285985617661
0.4752287836428809
0.4758289544471518
0.4764291109023695
0.47702925293590315
0.4776293804746975
0.47822949344527155
0.47882959177371576
0.47942967538569137
0.48002974420642597
0.4806297981607137
0.4812298371729127
0.4818298611669418
0.48242987006628013
0.48302986379396406
0.48362984227258565
0.48422980542429095
0.4848297531707775
0.48542968543329224
0.48602960213263036
0.4866295031891328
0.48722938852268505
0.4878292580527135
0.48842911169818626
0.48902894937760943
0.489628771009026
0.49022857651001395
0.49082836579768463
0.49142813878868075
0.4920278953991748
0.49262763554486777
0.49322735914098703
0.4938270661022859
0.4944267563430399
0.49502642977704725
0.4956260863176275
0.49622572587761815
0.4968253483693752
0.49742495370477036
0.4980245417951906
0.4986241125515378
0.49922366588422584
0.49982320170317995
0.5004227199178363
0.5010222204371402
0.501621703169545
0.5022211680230131
0.5028206149050118
0.5034200437225154
0.5040194543820035
0.5046188467894595
0.505218220850371
0.5058175764697295
0.5064169135520291
0.5070162320012667
0.5076155317209412
0.5082148126140544
0.5088140745831098
0.5094133175301134
0.5100125413565728
0.5106117459634982
0.5112109312514025
0.5118100971203018
0.5124092434697161
0.5130083701986685
0.5136074772056883
0.5142065643888094
0.5148056316455732
0.5154046788730291
0.5160037059677346
0.5166027128257582
0.5172016993426803
0.5178006654135948
0.5183996109331108
0.5189985357953546
0.5195974398939729
0.5201963231221327
0.5207951853725257
0.5213940265373707
0.5219928465084155
0.5225916451769405
0.5231904224337617
0.5237891781692345
0.5243879122732564
0.5249866246352717
0.5255853151442748
0.5261839836888146
0.5267826301569994
0.527381254436501
0.5279798564145597
0.5285784359779899
0.529176993013185
0.5297755274061234
0.5303740390423745
0.5309725278071046
0.531570993585084
0.5321694362606937
0.5327678557179323
0.5333662518404231
0.5339646245114226
0.5345629736138289
0.5351612990301894
0.5357596006427093
0.5363578783332625
0.5369561319833999
0.5375543614743589
0.5381525666870752
0.5387507475021919
0.5393489038000725
0.5399470354608117
0.5405451423642472
0.5411432243899726
0.5417412814173505
0.5423393133255253
0.5429373199934389
0.5435353012998425
0.5441332571233148
0.5447311873422755
0.5453290918350021
0.5459269704796467
0.5465248231542533
0.5471226497367755
0.5477204501050955
0.5483182241370428
0.5489159717104152
0.5495136927029979
0.5501113869925857
0.5507090544570048
0.5513066949741352
0.5519043084219355
0.5525018946784649
0.5530994536219102
0.5536969851306107
0.5542944890830861
0.5548919653580621
0.5554894138345009
0.5560868343916301
0.5566842269089719
0.5572815912663758
0.5578789273440506
0.5584762350225977
0.559073514183045
0.5596707647068826
0.5602679864761001
0.5608651793732234
0.5614623432813541
0.5620594780842091
0.5626565836661617
0.5632536599122854
0.563850706708396
0.5644477239410975
0.5650447114978289
0.5656416692669113
0.566238597137598
0.5668354950001245
0.5674323627457609
0.5680292002668655
0.5686260074569405
0.5692227842106886
0.5698195304240713
0.5704162459943696
0.5710129308202452
0.5716095848018051
0.5722062078406663
0.5728027998400229
0.5733993607047164
0.5739958903413054
0.5745923886581394
0.5751888555654344
0.5757852909753481
0.5763816948020613
0.5769780669618574
0.5775744073732075
0.5781707159568548
0.5787669926359033
0.5793632373359074
0.5799594499849654
0.5805556305138142
0.5811517788559261
0.5817478949476091
0.582343978728111
0.5829400301397212
0.5835360491278814
0.5841320356412932
0.5847279896320343
0.5853239110556709
0.5859197998713782
0.5865156560420605
0.587111479534476
0.5877072703193635
0.5883030283715726
0.5888987536701951
0.5894944461987023
0.5900901059450818
0.5906857329019813
0.5912813270668509
0.5918768884420915
0.5924724170352059
0.5930679128589511
0.593663375931496
0.5942588062765801
0.5948542039236754
0.5954495689081521
0.5960449012714479
0.5966402010612362
0.5972354683316023
0.5978307031432192
0.5984259055635255
0.5990210756669092
0.5996162135348894
0.6002113192563033
0.6008063929274958
0.6014014346525085
0.6019964445432732
0.6025914227198058
0.6031863693104014
0.6037812844518313
0.6043761682895412
0.604971020977849
0.6055658426801449
0.6061606335690894
0.6067553938268125
0.6073501236451121
0.6079448232256505
0.60853949278015
0.609134132530587
0.6097287427093815
0.6103233235595862
0.6109178753350688
0.611512398300692
0.6121068927324868
0.6127013589178205
0.6132957971555576
0.6138902077562118
0.6144845910420906
0.6150789473474294
0.6156732770185125
0.6162675804137856
0.6168618579039502
0.6174561098720469
0.6180503367135192
0.6186445388362591
0.6192387166606356
0.619832870619497
0.6204270011581553
0.6210211087343376
0.6216151938181165
0.6222092568918055
0.622803298449825
0.623397318998531
0.6239913190560067
0.6245852991518145
0.6251792598267029
0.6257732016322674
0.6263671251305631
0.6269610308936622
0.6275549195031568
0.6281487915495997
0.6287426476318859
0.6293364883565632
0.6299303143370728
0.6305241261929176
0.6311179245487515
0.6317117100333868
0.6323054832787182
0.6328992449185579
0.6334929955873805
0.6340867359189746
0.6346804665450001
0.6352741880934467
0.6358679011869984
0.6364616064413012
0.6370553044631342
0.6376489958484908
0.638242681180574
0.6388363610277126
0.6394300359412053
0.6400237064531142
0.6406173730740135
0.641211036290722
0.6418046965640446
0.6423983543265523
0.6429920099804427
0.6435856638955305
0.6441793164074245
0.6447729678159617
0.6453666183839858
0.6459602683365684
0.6465539178607975
0.6471475671062729
0.6477412161864878
0.6483348651812969
0.6489285141407207
0.6495221630903852
