0.20015955192442708
0.20095731260493888
0.20175507505337226
0.20255283927514536
0.2033506052756982
0.2041483730604928
0.20494614263501337
0.20574391400476627
0.20654168717528026
0.20733946215210644
0.20813723894081845
0.20893501754701269
0.20973279797630837
0.21053058023434754
0.2113283643267951
0.2121261502593394
0.21292393803769177
0.2137217276675869
0.21451951915478318
0.21531731250506247
0.21611510772423023
0.21691290481811595
0.21771070379257293
0.21850850465347854
0.2193063074067344
0.2201041120582665
0.22090191861402517
0.22169972707998528
0.2224975374621466
0.2232953497665336
0.22409316399919554
0.22489098016620684
0.22568879827366728
0.22648661832770178
0.22728444033446088
0.22808226430012055
0.22888009023088254
0.2296779181329744
0.23047574801264978
0.2312735798761882
0.23207141372989581
0.23286924958010488
0.2336670874331742
0.23446492729548926
0.23526276917346237
0.23606061307353277
0.2368584590021667
0.2376563069658577
0.23845415697112662
0.23925200902452182
0.24004986313261922
0.24084771930202273
0.2416455775393639
0.24244343785130248
0.24324130024452648
0.24403916472575216
0.24483703130172446
0.2456348999792168
0.24643277076503153
0.24723064366599992
0.2480285186889823
0.24882639584086833
0.24962427512857702
0.250422156559057
0.25122004013928667
0.25201792587627403
0.25281581377705753
0.2536137038487056
0.25441159609831693
0.2552094905330209
0.2560073871599775
0.2568052859863777
0.2576031870194431
0.2584010902664268
0.25919899573461314
0.25999690343131787
0.2607948133638886
0.2615927255397044
0.2623906399661768
0.2631885566507492
0.26398647560089744
0.26478439682412985
0.2655823203279874
0.26638024612004396
0.2671781742079065
0.2679761045992153
0.2687740373016436
0.26957197232289865
0.2703699096707213
0.2711678493528862
0.27196579137720234
0.2727637357515128
0.27356168248369545
0.27435963158166243
0.2751575830533611
0.27595553690677355
0.2767534931499173
0.27755145179084517
0.2783494128376458
0.2791473762984434
0.2799453421813982
0.28074331049470674
0.28154128124660205
0.28233925444535346
0.28313723009926733
0.28393520821668683
0.2847331888059925
0.2855311718756021
0.2863291574339712
0.28712714548959295
0.28792513605099856
0.2887231291267576
0.289521124725478
0.2903191228558063
0.29111712352642777
0.2919151267460669
0.2927131325234875
0.29351114086749286
0.29430915178692574
0.2951071652906692
0.2959051813876462
0.29670320008682016
0.2975012213971949
0.2982992453278156
0.2990972718877678
0.2998953010861788
0.3006933329322172
0.3014913674350934
0.3022894046040598
0.30308744444841085
0.3038854869774836
0.30468353220065764
0.3054815801273556
0.3062796307670433
0.30707768412922964
0.3078757402234675
0.3086737990593534
0.3094718606465281
0.31026992499467676
0.3110679921135291
0.31186606201285977
0.3126641347024884
0.3134622101922801
0.3142602884921457
0.31505836961204176
0.315856453561971
0.31665454035198265
0.31745262999217255
0.31825072249268355
0.3190488178637056
0.31984691611547617
0.3206450172582804
0.3214431213024514
0.3222412282583709
0.32303933813646885
0.32383745094722416
0.3246355667011647
0.325433685408868
0.32623180708096117
0.32702993172812095
0.3278280593610748
0.32862618999060045
0.3294243236275265
0.33022246028273267
0.33102059996715005
0.3318187426917617
0.332616888467602
0.3334150373057585
0.33421318921737075
0.3350113442136314
0.335809502305786
0.3366076635051342
0.3374058278230291
0.33820399527087797
0.33900216586014237
0.33980033960233913
0.3405985165090395
0.34139669659187083
0.3421948798625155
0.3429930663327124
0.3437912560142567
0.3445894489190002
0.3453876450588516
0.3461858444457772
0.346984047091801
0.3477822530090048
0.348580462209529
0.3493786747055727
0.3501768905093938
0.35097510963331
0.3517733320896986
0.3525715578909967
0.3533697870497024
0.35416801957837407
0.35496625548963173
0.35576449479615685
0.35656273751069234
0.3573609836460438
0.3581592332150795
0.35895748623073037
0.3597557427059912
0.36055400265392
0.36135226608763943
0.3621505330203362
0.36294880346526204
0.36374707743573415
0.36454535494513524
0.365343636006914
0.3661419206345857
0.36694020884173256
0.3677385006420037
0.3685367960491161
0.369335095076855
0.3701333977390736
0.37093170404969444
0.371730014022709
0.3725283276721785
0.3733266450122346
0.3741249660570791
0.3749232908209852
0.3757216193182969
0.3765199515634305
0.3773182875708742
0.37811662735518914
0.3789149709310095
0.37971331831304306
0.3805116695160715
0.38131002455495105
0.38210838344461295
0.38290674620006343
0.383705112836385
0.3845034833687362
0.38530185781235204
0.38610023618254535
0.3868986184947062
0.387697004764303
0.3884953950068828
0.3892937892380715
0.39009218747357494
0.3908905897291787
0.39168899602074914
0.3924874063642336
0.39328582077566127
0.3940842392711427
0.39488266186687154
0.39568108857912443
0.3964795194242617
0.3972779544187274
0.39807639357905045
0.39887483692184467
0.39967328446380973
0.4004717362217316
0.40127019221248245
0.4020686524530222
0.40286711696039845
0.4036655857517469
0.40446405884429204
0.4052625362553484
0.4060610180023197
0.4068595041027006
0.4076579945740771
0.4084564894341261
0.40925498870061744
0.41005349239141337
0.41085200052446985
0.41165051311783635
0.41244903018965706
0.4132475517581714
0.41404607784171454
0.41484460845871785
0.41564314362770943
0.4164416833673153
0.41724022769625935
0.4180387766333643
0.4188373301975522
0.41963588840784505
0.4204344512833656
0.42123301884333775
0.4220315911070873
0.4228301680940425
0.42362874982373483
0.42442733631579954
0.4252259275899764
0.42602452366611027
0.42682312456415167
0.4276217303041579
0.42842034090629305
0.42921895639082897
0.4300175767781462
0.4308162020887346
0.43161483234319326
0.4324134675622323
0.43321210776667307
0.43401075297744873
0.4348094032156052
0.43560805850230133
0.4364067188588108
0.43720538430652156
0.4380040548669373
0.43880273056167773
0.43960141141247994
0.4404000974411985
0.44119878866980655
0.4419974851203965
0.4427961868151808
0.44359489377649264
0.4443936060267866
0.44519232358863986
0.4459910464847524
0.4467897747379483
0.44758850837117625
0.44838724740751024
0.44918599187015096
0.44998474178242565
0.45078349716778965
0.45158225804982716
0.45238102445225153
0.45317979639890693
0.4539785739137682
0.4547773570209424
0.4555761457446698
0.45637494010932383
0.45717374013941275
0.45797254585958036
0.45877135729460666
0.4595701744694089
0.46036899740904197
0.4611678261387003
0.46196666068371767
0.462765501069569
0.4635643473218705
0.46436319946638116
0.46516205752900297
0.4659609215357829
0.46675979151291275
0.4675586674867309
0.4683575494837227
0.4691564375305215
0.46995533165391
0.4707542318808207
0.4715531382383371
0.47235205075369485
0.4731509694542823
0.4739498943676419
0.4747488255214708
0.4755477629436222
0.47634670666210616
0.4771456567050907
0.47794461310090264
0.47874357587802874
0.4795425450651168
0.48034152069097674
0.4811405027845812
0.48193949137506736
0.48273848649173706
0.4835374881640586
0.48433649642166765
0.48513551129436805
0.48593453281213295
0.4867335610051063
0.4875325959036036
0.48833163753811254
0.48913068593929554
0.48992974113798893
0.490728803165206
0.4915278720521367
0.49232694783014913
0.49312603053079135
0.4939251201857917
0.49472421682706014
0.49552332048668973
0.49632243119695757
0.49712154899032596
0.49792067389944383
0.4987198059571473
0.4995189451964616
0.500318091650602
0.5011172453529751
0.5019164063371794
0.5027155746370076
0.503514750286447
0.5043139333196811
0.505113123771091
0.5059123216752559
0.5067115270669555
0.50751073998117
0.5083099604530827
0.50910918851808
0.5099084242117533
0.5107076675699007
0.5115069186285275
0.5123061774238479
0.5131054439922863
0.5139047183704788
0.5147040005952739
0.5155032907037347
0.5163025887331394
0.5171018947209831
0.5179012087049791
0.5187005307230605
0.519499860813381
0.5202991990143165
0.521098545364467
0.5218978999026569
0.5226972626679374
0.5234966336995874
0.5242960130371151
0.5250954007202592
0.5258947967889903
0.5266942012835129
0.5274936142442658
0.5282930357119244
0.5290924657274022
0.529891904331851
0.530691351566664
0.5314908074734762
0.532290272094166
0.5330897454708569
0.533889227645919
0.5346887186619701
0.5354882185618778
0.5362877273887601
0.5370872451859874
0.5378867719971847
0.5386863078662316
0.539485852837265
0.54028540695468
0.5410849702631315
0.5418845428075361
0.5426841246330729
0.5434837157851858
0.5442833163095846
0.5450829262522464
0.5458825456594175
0.5466821745776147
0.5474818130536265
0.5482814611345158
0.54908111886762
0.5498807863005534
0.5506804634812086
0.5514801504577579
0.5522798472786548
0.5530795539926356
0.5538792706487216
0.5546789972962194
0.5554787339847232
0.5562784807641167
0.5570782376845735
0.5578780047965599
0.5586777821508356
0.5594775697984558
0.5602773677907719
0.5610771761794341
0.5618769950163922
0.5626768243538972
0.5634766642445033
0.564276514741069
0.5650763758967586
0.5658762477650441
0.5666761303997058
0.5674760238548353
0.5682759281848356
0.5690758434444233
0.56987576968863
0.5706757069728033
0.5714756553526091
0.5722756148840323
0.5730755856233788
0.5738755676272764
0.5746755609526769
0.575475565656857
0.5762755817974196
0.5770756094322956
0.5778756486197453
0.5786756994183593
0.5794757618870601
0.580275836085104
0.5810759220720811
0.5818760199079179
0.5826761296528781
0.5834762513675634
0.5842763851129156
0.5850765309502169
0.5858766889410922
0.5866768591475091
0.5874770416317802
0.5882772364565629
0.5890774436848619
0.5898776633800294
0.5906778956057664
0.5914781404261239
0.5922783979055031
0.5930786681086576
0.5938789511006937
0.5946792469470704
0.595479555713602
0.5962798774664577
0.597080212272163
0.5978805601975999
0.5986809213100084
0.5994812956769856
0.600281683366488
0.6010820844468318
0.6018824989866922
0.6026829270551056
0.6034833687214685
0.6042838240555385
0.605084293127435
0.6058847760076388
0.6066852727669928
0.6074857834767018
0.6082863082083326
0.6090868470338143
0.609887400025438
0.6106879672558564
0.6114885487980843
0.6122891447254983
0.6130897551118353
0.6138903800311936
0.6146910195580308
0.6154916737671653
0.6162923427337736
0.6170930265333906
0.6178937252419082
0.6186944389355752
0.6194951676909951
0.620295911585126
0.6210966706952784
0.6218974450991147
0.622698234874647
0.623499040100236
0.624299860854589
0.6251006972167583
0.625901549266139
0.6267024170824667
0.6275033007458162
0.6283042003365976
0.6291051159355555
0.6299060476237655
0.6307069954826305
0.6315079595938796
0.6323089400395635
0.6331099369020518
0.6339109502640295
0.6347119802084932
0.6355130268187473
0.6363140901784005
0.6371151703713605
0.6379162674818306
0.6387173815943046
0.6395185127935623
0.6403196611646639
0.6411208267929456
0.6419220097640131
0.6427232101637368
0.6435244280782453
0.6443256635939195
0.6451269167973858
0.6459281877755092
0.6467294766153867
0.64753078340434
0.648332108229908
0.6491334511798388
0.6499348123420805
0.6507361918047748
0.6515375896562462
0.6523390059849941
0.6531404408796824
0.6539418944291306
0.6547433667223033
0.6555448578482985
0.6563463678963385
0.6571478969557565
0.6579494451159869
0.6587510124665518
0.6595525990970489
0.660354205097138
0.6611558305565278
0.6619574755649624
0.662759140212206
0.6635608245880281
0.6643625287821888
0.6651642528844224
0.6659659969844204
0.666767761171816
0.6675695455361647
0.6683713501669273
0.6691731751534504
0.6699750205849476
0.6707768865504796
0.6715787731389337
0.672380680439001
0.6731826085391566
0.673984557527636
0.674786527492411
0.6755885185211669
0.6763905307012769
0.6771925641197769
0.6779946188633388
0.6787966950182429
0.6795987926703514
0.6804009119050776
0.6812030528073574
0.6820052154616182
0.6828073999517476
0.6836096063610603
0.6844118347722659
0.6852140852674323
0.6860163579279522
0.6868186528345064
0.6876209700670242
0.6884233097046482
0.6892256718256908
0.690028056507596
0.6908304638268963
0.6916328938591689
0.6924353466789925
0.6932378223599003
0.6940403209743329
0.6948428425935912
0.6956453872877857
0.6964479551257855
0.6972505461751662
0.6980531605021549
0.6988557981715772
0.6996584592467976
0.7004611437896622
0.7012638518604396
0.7020665835177582
0.7028693388185431
0.703672117817952
0.7044749205693086
0.7052777471240336
0.7060805975315748
0.7068834718393369
0.707686370092606
0.7084892923344757
0.7092922386057683
0.7100952089449578
0.7108982033880866
0.711701221968684
0.7125042647176799
0.7133073316633197
0.714110422831073
0.7149135382435442
0.7157166779203789
0.7165198418781676
0.71732303013035
0.718126242687114
0.7189294795552951
0.7197327407382716
0.72053602623586
0.7213393360442057
0.7221426701556726
0.7229460285587311
0.7237494112378439
0.7245528181733479
0.7253562493413374
0.7261597047135407
0.726963184257199
0.7277666879349397
0.7285702157046502
0.7293737675193487
0.7301773433270529
0.7309809430706475
0.7317845666877496
0.732588214110572
0.7333918852657859
0.7341955800743818
0.7349992984515284
0.7358030403064312
0.7366068055421886
0.7374105940556493
0.7382144057372686
0.7390182404709605
0.7398220981339558
0.7406259785966544
0.7414298817224813
0.7422338073677421
0.7430377553814793
0.7438417256053294
0.7446457178733819
0.7454497320120407
0.7462537678398873
0.7470578251675474
0.7478619037975591
0.7486660035242485
0.7494701241336064
0.7502742654031715
0.7510784271019196
0.7518826089901599
0.7526868108194367
0.7534910323324421
0.7542952732629351
0.7550995333356721
0.7559038122663491
0.7567081097615548
0.7575124255187389
0.7583167592261918
0.7591211105630451
0.7599254791992844
0.7607298647957849
0.761534267004365
0.7623386854678644
0.763143119820244
0.7639475696867118
0.7647520346838786
0.7655565144199411
0.7663610084948974
0.7671655165007987
0.7679700380220339
0.7687745726356576
0.7695791199117556
0.7703836794138559
0.7711882506993862
0.7719928333201819
0.7727974268230423
0.7736020307503467
0.7744066446407234
0.7752112680297798
0.7760159004508952
0.7768205414360797
0.7776251905168958
0.7784298472254525
0.779234511095468
0.7800391816634028
0.7808438584696653
0.7816485410598871
0.7824532289862693
0.7832579218089964
0.7840626190977109
0.7848673204330513
0.7856720254082356
0.786476733630691
0.7872814447237103
0.7880861583281223
0.7888908741039573
0.7896955917320813
0.7905003109157742
0.7913050313822099
0.7921097528838
0.7929144751993484
0.793719198134951
0.7945239215245691
0.7953286452301864
0.796133369141442
0.7969380931746112
0.7977428172707846
0.7985475413930616
0.7993522655225388
