1.3999697356447194
1.399213484508199
1.3984580448254431
1.397703643004794
1.3969505757029932
1.396199225301593
1.3954500769613543
1.3947037368026722
1.3939609505148711
1.39322262142123
1.3924898267351238
1.3917638304583813
1.3910460911272373
1.3903382624429035
1.3896421847781577
1.388959865675904
1.3882934477942934
1.3876451633370985
1.3870172748461729
1.3864120032992917
1.3858314456829033
1.3852774854804752
1.384751700678502
1.3842552747673975
1.3837889166349355
1.3833527950912718
1.3829464929811623
1.3825689844847724
1.3822186374372865
1.3818932405377415
1.381590053428176
1.3813058760423789
1.3810371325205058
1.3807799644406378
1.380530328115982
1.3802840911563408
1.3800371242593175
1.3797853851326312
1.3795249924205577
1.3792522884122824
1.3789638900818515
1.378656728617085
1.3783280780343272
1.3772273356596267
1.3751816621701423
1.3728518763165696
1.3702082833921938
1.3672334576167884
1.363926667899444
1.3603055503835875
1.3564038816346702
1.352265943448636
1.3479395121776327
1.3434698219721302
1.338895888959923
1.3342492716830376
1.3295545319411932
1.3248305145539994
1.3200917979436457
1.315349971750085
1.3106146226429392
1.3071748539464787
1.3039697610887695
1.3010099341265486
1.2980352188903768
1.2950476345019297
1.2921832041587422
1.2891741366379075
1.286290212202407
1.2833972232178459
1.2806286100885709
1.2777181378928752
1.2746690802545257
1.2717453933947684
1.2686883474986026
1.265630847420633
1.2625756081394406
1.2592816399572546
1.2560066204861713
1.2526397964646576
1.2491968967520888
1.245586168838424
1.2418398539533366
1.2379938336286052
1.2340867175940862
1.2301560817954702
1.2264045771615022
1.2228288127861386
1.2194249007124192
1.2161888072589053
1.2131165502572114
1.2102042991495798
1.2074484151682616
1.2048454555797823
1.2023921572710314
1.200085409298451
1.1979222203767952
1.1958996849494588
1.1940149499963097
1.1922651837963105
1.1906475472760951
1.1891591682162328
1.1877971183729443
1.186558393452192
1.1854398958114993
1.1853084997615322
1.186820437786817
1.1882669984912204
1.1897212185988373
1.191178906817226
1.1926367529851785
1.194091369396097
1.195539213127374
1.1969766759247251
1.1983995103785774
1.1998848441551362
1.2013458341982453
1.2028553995095557
1.2043285656654232
1.2057613938936635
1.2072898361716142
1.2088269307304056
1.2102972464680455
1.2118778859457082
1.2134246157849102
1.2149792447010204
1.2165220815479543
1.2180795361558614
1.2195438668191787
1.2208739044862043
1.2220757135971037
1.2231550530044877
1.224117406721194
1.224968010018028
1.2257118708089871
1.2263537864846434
1.2268983564872513
1.227349990999174
1.2277129161616258
1.2280034559195305
1.2289712183486694
1.2301918555786293
1.2317006224391776
1.2335247835680037
1.2356792038677122
1.238163282422217
1.2409604144848638
1.244040359744937
1.2473637605874204
1.2508873149160673
1.2545681856840576
1.2583669004983074
1.2622487192754144
1.2661838676406243
1.2701471205140187
1.2741171188571605
1.2780756544440308
1.2820070362685643
1.2858975757368984
1.2897351883275427
1.2935090934520748
1.2972095908109185
1.300827893649756
1.3043560032220105
1.3077866126970807
1.3111130320576059
1.3143291280613403
1.317429275180953
1.3204083147209484
1.3232615201879778
1.3259845675781328
1.3285735096334124
1.3310247533751556
1.333335040390526
1.3355014294602165
1.3375212811917558
1.3393922443765804
1.341112243828666
1.3426794694933202
1.344092366639891
1.3453496269735976
1.3464501805204765
1.3473931881562846
1.3481780346653927
1.3488043222295523
1.34927186425893
1.349580679489152
1.3497309862783562
1.3497231970474217
1.3493006853014142
1.3449016572705335
1.3410392346621975
1.3387315885957032
1.3371493677250705
1.3357605787505
1.334341879292031
1.3328073682125092
1.3311254705425322
1.3292856023031343
1.3272853052914908
1.325125334094556
1.3228077851979194
1.320335383715961
1.317711209736985
1.3149385914343839
1.3120210613489949
1.3089623365170033
1.3079595602371248
1.3066698113942194
1.3050371585515566
1.3030982381797844
1.3008852937237274
1.2984264710202735
1.295746258977974
1.2928659665310878
1.289804179616673
1.2865771728468713
1.2831992675920736
1.2796831369518444
1.2760400621442587
1.2722801463424458
1.268412492172616
1.2644453486543574
1.26038623268535
1.256242029441107
1.2520190753680558
1.247723226833481
1.2433599169689387
1.2389342028017176
1.2344508044028424
1.229914137479267
1.225328340591729
1.2206972979785962
1.2160246588016586
1.2113138534951995
1.2065681077890285
1.201790454884742
1.1969837461884174
1.1921506609391548
1.187293715018817
1.1824152691819874
1.1775175369050093
1.1726025920176923
1.1676723762499854
1.1627287067978542
1.1577732839873396
1.1528076990928617
1.1478334423451806
1.142851911145857
1.1378644184885758
1.1328722015732837
1.1278764305868498
1.12287821761386
1.1178786256332343
1.112878677550603
1.1078793652126977
1.1028816583482839
1.0978865133801983
1.0928948820546254
1.087907719836555
1.082925994024069
1.0779506915383548
1.0729828263507717
1.068023446512404
1.0630736407550707
1.0581345446351458
1.0532073461925233
1.0482932910961618
1.0433936872445881
1.0385099087841398
1.0336433994993264
1.028795675518205
1.0239683272608604
1.0191630205406985
1.0143814967062068
1.0096255716848126
1.0048971337604973
1.0001981398827504
0.9955306102664102
0.9908966210000653
0.9862982943355912
0.9817377862837757
0.9772172710923845
0.9727389221355429
0.9683048887003046
0.9639172681225391
0.9595780727066114
0.955289190871398
0.9510523420120082
0.9468690246700123
0.942740457788578
0.9386675151236219
0.9346506533277739
0.9306898348708313
0.926784447870312
0.9229332261518585
0.919134174523384
0.9153845064104987
0.9116806037249576
0.9080180121202096
0.904391488476519
0.9007951210808863
0.8972225454012884
0.8936672771680627
0.8901231745761674
0.8865850121448138
0.8830490771795323
