0.20011919185266178
0.20071523898117505
0.2013114318829036
0.2019077695474743
0.2025042508330436
0.20310087445555491
0.20369763897722307
0.20429454279419942
0.20489158412336728
0.2054887609882175
0.20608607120374903
0.2066835123603398
0.20728108180652918
0.20787877663065074
0.20847659364125407
0.20907452934624882
0.20967257993070507
0.2102707412332384
0.2108690087209093
0.21146737746256175
0.2120658421005251
0.21266439682059943
0.21326303532024543
0.21386175077489475
0.21446053580229663
0.21505938242481495
0.2156582820295873
0.21625722532645641
0.21685620230358324
0.21745520218065015
0.21805421335956027
0.2186532233725402
0.21925221882755078
0.21985118535091216
0.22045010752704847
0.22104896883525732
0.22164775158341116
0.22224643683849735
0.2228450043539066
0.22344343249337942
0.22404169815152428
0.2246397766708228
0.22523764175504155
0.2258352653789725
0.22643261769443104
0.2270296669324432
0.22762637930156132
0.228222718882254
0.22881864751732414
0.22941412469831668
0.23000910744788836
0.2306035501981235
0.23119740466479147
0.23179061971755474
0.232383141246155
0.23297491202261855
0.23356587155954528
0.2341559559645649
0.23474509779107056
0.23533322588536593
0.2359202652303926
0.23650613678624027
0.23709075732767665
0.23767403927898065
0.23825589054640528
0.23883621434865135
0.2394149090457902
0.23999186796713753
0.24056697923865059
0.24114012561050102
0.24171118428555835
0.24228002674961663
0.24284651860429698
0.24341051940367264
0.24397188249578353
0.2445304548703403
0.2450860770140582
0.24563858277521228
0.24618779923916684
0.2467335466168018
0.2472756381479341
0.24781388002201918
0.24834807131860434
0.24887800397019708
0.24940346275040387
0.24992422529037867
0.25044006212680103
0.25095073678476676
0.25145600589911854
0.2519556193778642
0.2524493206114133
0.25293684673140593
0.25341792892289944
0.2538922927936064
0.2543596588037408
0.2548197427598026
0.2552722563753228
0.2557169079011747
0.2561534028275379
0.25658144465896604
0.25700073576324983
0.257410978293896
0.2578118751850415
0.25820313121651844
0.2585844541455675
0.25895555590040364
0.25931615382946804
0.25966597199879515
0.2600047425285083
0.2603322069580679
0.26064811762857576
0.26095223906922854
0.2612443493739573
0.2615242415534336
0.2617917248470096
0.2620466259788227
0.2622887903422739
0.2625180830973975
0.2627343901663014
0.2629376191128633
0.26312769989421675
0.2633045854732226
0.2634682522830651
0.26361870053728526
0.2637559543809198
0.26388006188087326
0.26399109485616284
0.2640891485511574
0.264174341157317
0.26424681319117005
0.26430672673827293
0.26435426457464606
0.2643896291786198
0.2644130416471433
0.26442474053138243
0.2644249806068685
0.2644140315935653
0.26439217684101524
0.26435971199324093
0.26431694364734953
0.26426418801885054
0.2642017696255987
0.2641300200010578
0.26404927644628007
0.26395988082866256
0.26386217843419674
0.26375651687861557
0.2636432450815794
0.2635227123068546
0.26339526727034046
0.26326125731680555
0.2631210276653066
0.26297492072248674
0.2628232754622892
0.26266642687006153
0.26250470544858145
0.2623384367831718
0.2621679411628135
0.26199353325397223
0.2618155218237435
0.261634209508864
0.26144989262713886
0.26126286102787555
0.26107339797799684
0.26088178008061547
0.2606882772229848
0.26049315255088906
0.2602966624666996
0.26009905664849176
0.2599005780877903
0.25970146314368414
0.25950194161122375
0.2593022368021827
0.25910256563642464
0.2589031387422765
0.2587041605644513
0.25850582947820927
0.25830833790857144
0.258111872453526
0.2579166140102791
0.25772273790370726
0.2575304140162643
0.25733980691868474
0.2571510760009063
0.256964375602706
0.256779855143613
0.2565976592517195
0.2564179278910659
0.25624079648732506
0.25606639605155385
0.2558948533018179
0.25572629078253223
0.2555608269813887
0.2553985764437696
0.25523964988457004
0.2550841542973727
0.2549321930609377
0.2547838660429837
0.2546392697012553
0.25449849718187595
0.25436163841500486
0.2542287802078182
0.2541000063348446
0.2539753976256931
0.25385503205021376
0.2537389848011382
0.2536273283742477
0.25352013264612344
0.2534174649495313
0.25331939014649907
0.25322597069914077
0.2531372667382893
0.25305333612999265
0.2529742345399339
0.25290001549583274
0.252830730447886
0.2527664288273052
0.2527071581030064
0.25265296383651
0.2526038897351025
0.2525599777033169
0.252521267892781
0.25248779875048816
0.25245960706553805
0.25243672801439776
0.25241919520473005
0.25240704071783593
0.25240029514975626
0.2523989876510754
0.25240314596547064
0.25241279646704834
0.25242796419650637
0.2524486728961619
0.25247494504388296
0.2525068018859587
0.2525442634689454
0.25258734867052085
0.252636075229382
0.25269045977421567
0.2527505178517758
0.2532555454059145
0.25375255148348225
0.25424099447681714
0.25472168277409574
0.25519464980392353
0.25575253917848406
0.25620989484413614
0.25665966809422697
0.25710191507594254
0.257535839597051
0.25796238960246365
0.2583816340870881
0.2587936458503793
0.25929622360010196
0.2596936474903377
0.2600840823014901
0.2604676129251268
0.26084432654537215
0.2612140203764304
0.26157665497822147
0.2619327669833735
0.2622824495153601
0.2626257967665149
0.2629629037888614
0.2633963762292002
0.2637209125022326
0.26403950431659706
0.26435224819169323
0.26465924063699836
0.26496057801226874
0.26525635639816497
0.26554667147690586
0.2658313980868154
0.2661105321004501
0.266384502373472
0.26665340146218824
0.2669173210794564
0.26717635202643636
0.2674305841313556
0.2676801061948796
0.26792500594168706
0.26816536997786344
0.2685075641446803
0.2687387807532775
0.26896572144768355
0.26918846787636647
0.26940710043398836
0.2696216982463097
0.26983233915857474
0.2700390997271066
0.2702420552138536
0.2704412795836449
0.27063684550392514
0.2708288243467528
0.27101728619286125
0.27120229983759114
0.271383601870149
0.27156159822708537
0.27173635362103654
0.27190793152821985
0.272076394200942
0.2722418026810908
0.27240421681449545
0.27256369526604796
0.272720295535488
0.27287407397376046
0.27302508579986134
0.27317338511809475
0.2733190249356705
0.2734620571805774
0.27360253271967144
0.27374050137692574
0.2738760119517918
0.27400911223762636
0.27413984904014316
0.2742682681958526
0.2745032228710445
0.27462694220679124
0.27474847978057904
0.27486787764117654
0.27498517696160146
0.275100418056808
0.2752136404011871
0.27532488264586535
0.27543418263578834
0.27554157742657687
0.27564710330114656
0.2757507957860805
0.27585268966774945
0.27595281900817215
0.2760512171606111
0.2761479167849004
0.2762429498625015
0.27633634771128546
0.27642814100004026
0.27651835976270184
0.2766070334123091
0.27669419075468377
0.27677986000183546
0.27686406878509345
0.27694684416796705
0.2770282126587376
0.2771082002227828
0.2771868322946384
0.2772641337897984
0.27734012911625844
0.27741484218580503
0.277488296425055
0.2775605147862483
0.2776315197577983
0.277701333374604
0.2777699772281276
0.27783747247624224
0.2779038209595859
0.27796898747456067
0.2780330682451949
0.27809608274341935
0.27815805005483285
0.2782189888872148
0.2782789175788376
0.2783378541065866
0.27839581609388864
0.27845282081845535
0.2785088852198442
0.27856402590684176
0.2786182591646736
0.27867160096204335
0.2787240669580069
0.2787756725086832
0.2788264326738074
0.2788763622231295
0.27892547564266107
0.27897378714077525
0.2790213106541624
0.2790680598536456
0.27911404814985846
0.2791592886987899
0.2792037944071975
0.279247577937894
0.2792906517149099
0.279333027928534
0.2793747185402361
0.2794157352874746
0.2794560896883915
0.27949579304639727
0.27953485645464976
0.2795732908004277
0.2796111067694033
0.27964831484981517
0.27968492533654477
0.2797209483350987
0.27975639376549877
0.2797912713660824
0.279825590697216
0.27985936114492277
0.2798925919244274
0.2799252920836201
0.27995747050644104
0.27998913591618846
0.28002029687875135
0.28005096180576833
0.2800811389577164
0.28011083644692875
0.2801400622405456
0.2801688241633984
0.28019712990082923
0.28022498700144816
0.28025240287982783
0.28027938481913955
0.2803059399737297
0.28033207537164045
0.28035779791707355
0.2803831143928013
0.28040803146252313
0.28043255567317227
0.2804566934571705
0.28048045113463543
0.2805038349155381
0.2805268509018154
0.28054950508943594
0.28057180337042203
0.28059375153482774
0.2806153552726751
0.2806366201758484
0.28065755173994866
0.2806781553661083
0.2806984363627678
0.28071839994741427
0.28073805124828405
0.28075739530602895
0.28077643707534766
0.2807951814265839
0.2808136331472898
0.2808317969437581
0.28084967744252215
0.28086727919182447
0.2808846066630558
0.280901664252164
0.28091845628103457
0.28093498699884223
0.28095126058337583
0.28096728114233543
0.2809830527146041
0.28099857927149297
0.28101386471796175
0.2810289128938147
0.28104372757487256
0.2810583124741209
0.28107267124283547
0.28108680747168563
0.2811007246918155
0.28111442637590384
0.28112791593920294
0.28114119674055704
0.281154272083401
0.28116714521673886
0.28117981933610414
0.2811922975845006
0.2812045830533251
0.2812166787832725
0.28122858776522336
0.28124031294111385
0.2812518572047896
0.281263223402843
0.28127441433543376
0.28128543275709533
0.28129628137752427
0.2813069628623557
0.2813174798339236
0.28132783487200724
0.28133803051456296
0.2813480692584422
0.2813579535600962
0.2813676858362681
0.28137726846467104
0.28138670378465436
0.28139599409785704
0.2814051416688491
0.28141414872576154
0.2814230174609041
0.2814317500313714
0.2814403485596392
0.28144881513414804
0.2814571518098778
0.28146536060891036
0.28147344352098286
0.281481402504031
0.28148923948472154
0.2814969563589763
0.28150455499248617
0.2815120372212153
0.28151940485189736
0.281526659662522
0.28153380340281303
0.28154083779469774
0.2815477645327681
0.28155458528473354
0.281561301691866
0.28156791536943654
0.2815744279071448
0.28158084086954055
0.2815871557964378
0.2815933742033217
0.28159949758174835
0.2816055273997373
0.2816114651021577
0.28161731211110674
0.2816230698262832
0.28162873962535234
0.2816343228643061
0.28163982087781636
0.2816452349795822
0.2816505664626711
0.2816558165998541
0.2816609866439359
0.28166607782807823
0.2816710913661183
0.2816760284528818
0.28168089026449045
0.28168567795866384
0.28169039267501705
0.2816950355353523
0.2816996076439461
0.28170411008783147
0.28170854393707545
0.28171291024505124
0.281717210048707
0.2817214443688288
0.2817256142103
0.2817297205623561
0.28173376439883474
0.2817377466784224
0.28174166834489595
0.2817455303273614
0.2817493335404874
0.2817530788847358
0.2817567672465875
0.28176039949876547
0.2817639765004532
0.28176749909751014
0.2817709681226833
0.2817743843958153
0.28177774872404887
0.28178106190202856
0.2817843247120985
0.28178753792449684
0.2817907022975477
0.2817938185778491
0.28179688750045834
0.28179990978907443
0.2818028861562171
0.2818058173034028
0.28180870392131857
0.28181154668999214
0.28181434627896024
0.28181710334743315
0.2818198185444572
0.2818224925090744
0.28182512587047975
0.28182771924817557
0.2818302732521237
0.2818327884828948
0.2818352655318156
0.2818377049811142
0.2818401074040616
0.2818424733651125
0.28184480342004264
0.28184709811608505
0.281849357992063
0.2818515835785215
0.2818537753978566
0.2818559339644422
0.28185805978475537
0.28186015335749937
0.2818622151737249
0.2818642457169489
0.28197557383260985
0.2819775672089165
0.2819795303547121
0.2819814637301034
0.281983367788145
0.281985242974949
0.28198708972979264
0.2819889084852247
0.2819906996671695
0.28199246369503017
0.2819942009817892
0.28199591193410845
0.2819975969524267
0.2819992564310564
0.28200089075827806
0.28200250031643403
0.2820040854820203
0.28200564662577654
0.28200718411277564
0.28200869830251096
0.2820101895489827
0.2820116582007826
0.2820131046011774
0.28201452908819136
0.2820159319946868
0.28201731364844385
0.282018674372239
0.28202001448392183
0.2820213342964914
0.2820226341181708
0.2820239142524807
0.2820251749983115
0.28202641664999506
0.2820276394973747
0.28202884382587423
0.2820300299165659
0.2820311980462372
0.2820323484874572
0.2820334815086406
0.2820345973741124
0.2820356963441702
0.2820367786751463
0.2820378446194685
0.2820388944257199
0.2820399283386981
0.2820409465994733
0.28204194944544536
0.2820429371104001
0.28204390982456484
0.2820448678146627
0.28204581130396666
0.2820467405123521
0.28204765565634915
0.28204855694919356
0.2820494446008776
0.2820503188181994
0.2820511798048118
0.282052027761271
0.282052862885083
0.2820536853707513
0.28205449540982225
0.2820552931909302
0.28205607889984247
0.28205685271950276
0.2820576148300747
0.2820583654089838
0.2820591046309599
0.2820598326680778
0.2820605496897983
0.28206125586300784
0.2820619513520578
0.28206263631880335
0.2820633109226415
0.2820639753205485
0.28206462966711693
0.2820652741145922
0.2820659088129079
0.2820665339097215
0.2820671495504489
0.2820677558782987
0.28206835303430566
0.2820689411573642
0.28206952038426053
0.2820700908497052
0.28207065268636455
0.2820712060248919
0.28207175099395804
0.282072287720282
0.2820728163286601
0.2820733369419955
0.28207384968132726
0.28207435466585823
0.2820748520129836
0.28207534183831773
0.28207582425572203
0.28207629937733103
0.28207676731357884
0.28207722817322517
0.28207768206338063
0.28207812908953195
0.2820785693555665
0.2820790029637969
0.28207943001498453
0.28207985060836366
0.2820802648416644
0.2820806728111352
0.2820810746115663
0.282081470336311
0.28208186007730784
0.2820822439251022
0.28208262196886746
0.28208299429642564
0.2820833609942681
0.2820837221475758
0.2820840778402389
0.28208442815487694
0.2820847731728576
0.2820851129743158
0.2820854476381729
0.28208577724215433
0.2820861018628086
0.2820864215755243
0.2820867364545486
0.28208704657300404
0.28208735200290547
0.28208765281517734
0.28208794907967
0.2820882408651759
0.2820885282394459
0.2820888112692048
0.2820890900201672
0.2820893645570525
0.2820896349436003
0.2820899012425852
0.28209016351583116
0.28209042182422644
0.28209067622773726
0.28209092678542214
0.2820911735554455
0.28209141659509124
0.28209165596077623
0.2820918917080633
0.2820921238916742
0.2820923525655024
0.28209257778262586
0.2820927995953188
0.2820930180550645
0.2820932332125669
0.2820934451177629
0.28209365381983326
0.28209385936721465
0.2820940618076108
0.28209426118800346
0.2820944575546634
0.2820946509531612
0.28209484142837804
0.2820950290245157
0.2820952137851073
0.28209539575302733
0.2820955749705014
0.28209575147911625
0.2820959253198295
0.28209609653297923
0.28209626515829284
0.28209643123489714
0.2820965948013266
0.282096755895533
0.2820969145548939
0.28209707081622126
0.2820972247157704
0.2820973762892481
0.28209752557182094
0.2820976725981236
0.2820978174022669
0.2820979600178455
0.28209810047794603
0.2820982388151547
0.2820983750615648
0.2820985092487842
0.2820986414079426
0.28209877156969904
0.2820988997642486
0.2820990260213301
0.28209915037023203
0.28209927283980035
0.2820993934584446
0.28209951225414465
0.28209962925445725
0.2820997444865223
0.28209985797706943
0.282099969752424
0.2821000798385133
0.2821001882608724
0.28210029504465023
0.28210040021461547
0.2821005037951624
0.2821006058103162
0.2821007062837388
0.2821008052387344
0.2821009026982548
0.2821009986849047
0.2821010932209469
0.28210118632830783
0.28210127802858226
0.28210136834303834
0.2821014572926227
0.2821015448979654
0.2821016311793843
0.28210171615689034
0.28210179985019174
0.28210188227869887
0.2821019634615284
0.2821020434175081
0.2821021221651812
0.2821021997228104
0.28210227610838245
0.28210235133961203
0.2821024254339461
0.2821024984085677
0.28210257028040026
0.28210264106611127
0.28210271078211624
0.2821027794445827
0.2821028470694334
0.28210291367235063
0.2821029792687797
0.2821030438739321
0.28210310750278966
0.2821031701701076
0.28210323189041797
0.28210329267803347
0.2821033525470501
0.2821034115113509
0.28210346958460913
0.2821035267802913
0.2821035831116602
0.28210363859177845
0.28210369323351087
0.28210374704952806
0.28210380005230906
0.2821038522541441
0.2821039036671379
0.28210395430321195
0.2821040041741077
0.2821040532913891
0.2821041016664453
0.28210414931049316
0.2821041962345803
0.2821042424495871
0.2821042879662295
0.28210433279506153
0.2821043769464778
0.28210442043071543
0.28210446325785726
0.2821045054378335
0.2821045469804243
0.28210458789526205
0.28210462819183346
0.2821046678794819
0.2821047069674094
0.28210474546467906
0.28210478338021694
0.2821048207228143
0.28210485750112924
0.28210489372368935
0.2821049293988931
0.2821049645350121
0.28210499914019305
0.2821050332224592
0.282105066789713
0.28210509984973703
0.2821051324101965
0.28210516447864076
0.2821051960625049
0.2821052271691118
0.2821052578056735
0.28210528797929335
0.282105317696967
0.2821053469655846
0.28210537579193196
0.2821054041826926
0.2821054321444489
0.28210545968368367
0.2821054868067818
0.2821055135200319
0.28210553982962716
0.28210556574166756
0.28210559126216045
0.28210561639702286
0.2821056411520821
0.2821056655330775
0.28210568954566156
0.2821057131954015
0.2821057364877804
0.2821057594281984
0.28210578202197395
0.28210580427434545
0.28210582619047153
0.2821058477754336
0.2821058690342359
0.2821058899718069
0.28210591059300083
0.2821059309025985
0.2821059509053085
0.28210597060576814
0.28210599000854475
0.2821060091181366
0.282106027938974
0.28210604647542037
0.282106064731773
0.28210608271226456
0.28210610042106343
0.2821061178622752
0.28210613503994336
0.2821061519580502
0.282106168620518
0.2821061850312097
0.28210620119392976
0.28210621711242523
0.28210623279038655
0.2821062482314485
0.2821062634391907
0.2821062784171389
0.2821062931687653
0.28210630769748984
0.28210632200668084
0.2821063360996556
0.2821063499796811
0.2821063636499753
0.2821063771137074
0.28210639037399865
0.2821064034339232
0.2821064162965087
0.282106428964737
0.282106441441545
0.2821064537298253
0.28210646583242655
0.28210647775215447
0.2821064894917724
0.282106501054002
0.2821065124415235
0.282106523656977
0.2821065347029626
0.28210654558204085
0.282106556296734
0.2821065668495258
0.28210657724286275
0.28210658747915435
0.2821065975607736
0.28210660749005756
0.28210661726930825
0.2821066269007927
0.2821066363867436
0.28210664572936023
0.28210665493080833
0.28210666399322104
0.2821066729186991
0.2821066817093118
0.282106690367097
0.2821066988940618
0.28210670729218285
0.28210671556340705
0.2821067237096519
0.2821067317328059
0.28210673963472904
0.282106747417253
0.282106755082182
0.282106762631293
0.282106770066336
0.2821067773890347
0.28210678460108657
0.28210679170416353
0.2821067986999123
0.28210680558995443
0.2821068123758874
0.2821068190592843
0.28210682564169437
0.28210683212464366
0.2821068385096349
0.2821068447981484
0.28210685099164196
0.2821068570915513
0.28210686309929056
0.2821068690162524
0.2821068748438085
0.28210688058330985
0.2821068862360869
0.28210689180345006
0.2821068972866901
0.28210690268707794
0.28210690800586563
0.2821069132442861
0.2821069184035538
0.28210692348486466
0.28210692848939667
0.28210693341830995
0.2821069382727471
0.28210694305383355
0.28210694776267753
0.2821069524003707
0.2821069569679881
0.28210696146658865
0.28210696589721523
0.28210697026089493
0.2821069745586392
0.2821069787914445
0.2821069829602919
0.28210698706614795
0.28210699110996446
0.2821069950926788
0.2821069990152142
0.28210700287848
0.28210700668337185
0.2821070104307717
0.2821070141215483
0.2821070177565572
0.2821070213366412
0.28210702486263
0.282107028335341
0.28210703175557944
0.282107035124138
0.28210703844179763
0.2821070417093275
0.2821070449274849
0.2821070480970159
0.2821070512186554
0.2821070542931269
0.2821070573211431
0.28210706030340615
0.2821070632406071
0.28210706613342695
0.28210706898253646
0.28210707178859584
0.28210707455225575
0.2821070772741568
0.2821070799549299
0.2821070825951966
0.2821070851955689
0.28210708775664967
0.2821070902790326
0.2821070927633023
0.28210709521003474
0.28210709761979713
0.2821070999931481
0.2821071023306377
0.2821071046328079
0.2821071069001924
0.28210710913331677
0.28210711133269867
0.28210711349884804
0.2821071156322669
0.2821071177334499
0.28210711980288405
0.2821071218410492
0.2821071238484177
0.2821071258254549
0.28210712777261915
0.28210712969036184
0.2821071315791275
0.28210713343935395
0.28210713527147246
0.28210713707590773
0.28210713885307814
0.28210714060339553
0.2821071423272657
0.2821071440250883
0.28210714569725676
0.282107147344159
0.2821071489661765
0.28210715056368546
0.2821071521370561
0.28210715368665323
0.28210715521283597
0.28210715671595815
0.2821071581963682
0.28210715965440936
0.2821071610904196
0.2821071625047318
0.2821071638976739
0.28210716526956864
0.28210716662073415
0.28210716795148355
0.2821071692621255
0.2821071705529636
0.2821071718242973
0.28210717307642114
0.2821071743096255
0.28210717552419623
0.28210717672041485
0.28210717789855877
0.28210717905890087
0.2821071802017103
0.28210718132725193
0.2821071824357867
0.2821071835275715
0.28210718460285966
0.2821071856619002
0.28210718670493873
0.28210718773221694
0.28210718874397306
0.28210718974044163
0.2821071907218536
0.2821071916884365
0.28210719264041445
0.28210719357800806
0.28210719450143473
0.28210719541090845
0.28210719630664
0.28210719718883726
0.28210719805770446
0.28210719891344316
0.2821071997562517
0.2821072005863255
0.28210720140385687
0.28210720220903546
0.2821072030020478
0.2821072037830778
0.2821072045523066
0.2821072053099123
0.2821072060560707
0.28210720679095463
0.2821072075147345
0.28210720822757807
0.2821072089296507
0.2821072096211151
0.28210721030213143
0.2821072109728578
0.28210721163344943
0.2821072122840596
0.2821072129248391
0.2821072135559365
0.282107214177498
0.28210721478966777
0.2821072153925877
0.2821072159863976
0.282107216571235
0.28210721714723547
0.28210721771453273
0.2821072182732582
0.28210721882354134
0.28210721936550975
0.28210721989928905
0.282107220425003
0.28210722094277346
0.2821072214527204
0.2821072219549621
0.2821072224496149
0.2821072229367936
0.28210722341661115
0.28210722388917864
0.28210722435460556
0.28210722481300005
0.28210722526446824
0.2821072257091147
0.28210722614704264
0.28210722657835346
0.2821072270031473
0.2821072274215225
0.28210722783357606
0.2821072282394035
0.282107228639099
0.2821072290327551
0.282107229420463
0.2821072298023128
0.28210723017839273
0.2821072305487903
0.282107230913591
0.2821072312728798
0.2821072316267397
0.2821072319752527
0.28210723231849977
0.28210723265656035
0.2821072329895129
0.28210723331743465
0.28210723364040136
0.2821072339584881
0.28210723427176865
0.2821072345803155
0.28210723488420025
0.2821072351834934
0.28210723547826416
0.28210723576858104
0.2821072360545112
0.282107236336121
0.28210723661347575
0.28210723688663963
0.28210723715567604
0.2821072374206473
0.2821072376816149
0.2821072379386393
0.28210723819178013
0.2821072384410959
0.28210723868664467
0.28210723892848316
0.28210723916666747
0.2821072394012529
0.28210723963229367
0.28210723985984354
0.2821072400839551
0.2821072403046804
0.2821072405220704
0.2821072407361758
0.28210724094704603
0.28210724115473007
0.282107241359276
0.28210724156073125
0.2821072417591425
0.2821072419545558
0.2821072421470163
0.28210724233656886
0.2821072425232573
0.2821072427071249
0.28210724288821426
0.2821072430665674
0.2821072432422257
0.2821072434152297
0.28210724358561967
0.28210724375343504
0.2821072439187148
0.2821072440814971
0.2821072442418199
0.28210724439972024
0.28210724455523467
0.28210724470839926
0.2821072448592496
0.28210724500782053
0.2821072451541466
0.28210724529826164
0.28210724544019916
0.282107245579992
0.2821072457176727
0.28210724585327296
0.2821072459868243
0.2821072461183577
0.2821072462479036
0.28210724637549217
0.2821072465011528
0.2821072466249148
0.2821072467468067
0.2821072468668569
0.28210724698509315
0.28210724710154284
0.2821072472162329
0.28210724732919007
0.2821072474404404
0.28210724755000977
0.2821072476579236
0.28210724776420687
0.2821072478688842
0.28210724797197984
0.2821072480735177
0.2821072481735214
0.28210724827201406
0.2821072483690184
0.28210724846455704
0.2821072485586521
0.2821072486513254
0.2821072487425984
0.28210724883249233
0.2821072489210279
0.2821072490082257
0.28210724909410606
0.28210724917868873
0.28210724926199343
0.2821072493440393
0.2821072494248455
0.2821072495044306
0.2821072495828133
0.2821072496600116
0.28210724973604345
0.28210724981092644
0.282107249884678
0.28210724995731523
0.28210725002885484
0.28210725009931353
0.2821072501687075
0.2821072502370531
0.2821072503043659
0.28210725037066164
0.28210725043595564
0.28210725050026314
0.28210725056359887
0.28210725062597763
0.2821072506874138
0.2821072507479217
0.28210725080751536
0.2821072508662086
0.28210725092401495
0.2821072509809478
0.28210725103702045
0.2821072510922459
0.2821072511466368
0.28210725120020586
0.2821072512529655
0.2821072513049279
0.28210725135610526
0.28210725140650933
0.2821072514561518
0.2821072515050441
0.28210725155319766
0.28210725160062367
0.2821072516473331
0.2821072516933367
0.28210725173864526
0.2821072517832691
0.2821072518272188
0.28210725187050434
0.2821072519131359
0.2821072519551232
0.2821072519964761
0.2821072520372042
0.2821072520773169
0.28210725211682347
0.28210725215573307
0.2821072521940548
0.28210725223179745
0.2821072522689698
0.2821072523055806
0.28210725234163814
0.2821072523771509
0.282107252412127
0.28210725244657464
0.2821072524805018
0.2821072525139163
0.2821072525468259
0.28210725257923824
0.2821072526111609
0.28210725264260117
0.28210725267356634
0.2821072527040636
0.2821072527341002
0.2821072527636828
0.2821072527928185
0.2821072528215139
0.2821072528497757
0.28210725287761057
0.28210725290502475
0.2821072529320247
0.2821072529586167
0.2821072529848069
0.28210725301060147
0.2821072530360062
0.28210725306102713
0.28210725308567
0.28210725310994045
0.28210725313384427
0.28210725315738683
0.2821072531805736
0.2821072532034101
0.2821072532259016
0.28210725324805314
0.28210725326986996
0.2821072532913572
0.2821072533125198
0.2821072533333626
0.2821072533538905
0.2821072533741081
0.28210725339402026
0.2821072534136316
0.28210725343294657
0.28210725345196974
0.2821072534707055
0.2821072534891581
0.28210725350733185
0.2821072535252311
0.28210725354285976
0.28210725356022215
0.28210725357732214
0.2821072535941638
0.2821072536107509
0.28210725362708744
0.2821072536431771
0.2821072536590236
0.28210725367463074
0.28210725369000206
0.28210725370514106
0.28210725372005135
0.2821072537347364
0.28210725374919954
0.2821072537634441
0.2821072537774735
0.2821072537912908
0.2821072538048994
0.28210725381830243
0.2821072538315028
0.2821072538445038
0.28210725385730834
0.2821072538699194
0.28210725388234
0.28210725389457275
0.2821072539066208
0.2821072539184868
0.2821072539301735
0.2821072539416836
0.2821072539530197
0.2821072539641846
0.2821072539751809
0.28210725398601083
0.28210725399667724
0.28210725400718245
0.28210725401752895
0.2821072540277191
0.28210725403775533
0.28210725404763987
0.28210725405737497
0.2821072540669631
0.2821072540764062
0.28210725408570675
0.28210725409486676
0.2821072541038883
0.2821072541127736
0.28210725412152465
0.2821072541301434
0.28210725413863197
0.2821072541469923
0.2821072541552262
0.28210725416333576
0.2821072541713228
0.2821072541791892
0.28210725418693666
0.2821072541945671
0.2821072542020822
0.2821072542094838
0.2821072542167736
0.2821072542239531
0.28210725423102434
0.2821072542379886
0.28210725424484756
0.282107254251603
0.2821072542582564
0.28210725426480915
0.28210725427126293
0.28210725427761923
0.28210725428387945
0.2821072542900451
0.28210725429611755
0.28210725430209826
0.2821072543079886
0.28210725431378997
0.2821072543195037
0.28210725432513106
0.2821072543306734
0.28210725433613204
0.28210725434150813
0.2821072543468031
0.282107254352018
0.2821072543571541
0.2821072543622125
0.2821072543671946
0.28210725437210127
0.2821072543769339
0.28210725438169354
0.2821072543863811
0.28210725439099804
0.2821072543955451
0.28210725440002354
0.28210725440443424
0.28210725440877826
0.2821072544130567
0.2821072544172705
0.28210725442142065
0.28210725442550805
0.2821072544295337
0.28210725443349854
0.28210725443740337
0.2821072544412493
0.28210725444503704
0.2821072544487676
0.2821072544524418
0.2821072544560605
0.28210725445962453
0.28210725446313467
0.2821072544665918
0.2821072544699966
0.28210725447335006
0.2821072544766528
0.28210725447990564
0.2821072544831093
0.28210725448626456
0.2821072544893722
0.2821072544924329
0.2821072544954474
0.2821072544984163
0.2821072545013402
0.2821072545042201
0.28210725450705637
0.28210725450984975
0.282107254512601
0.2821072545153107
0.2821072545179794
0.28210725452060786
0.28210725452319657
0.2821072545257462
0.28210725452825725
0.2821072545307304
0.28210725453316615
0.2821072545355651
0.2821072545379278
0.28210725454025476
0.2821072545425467
0.2821072545448039
0.282107254547027
0.2821072545492165
0.2821072545513729
0.2821072545534968
0.28210725455558855
0.2821072545576488
0.2821072545596778
0.2821072545616762
0.2821072545636443
0.2821072545655828
0.28210725456749186
0.28210725456937213
0.2821072545712241
0.282107254573048
0.2821072545748444
0.28210725457661356
0.28210725457835595
0.28210725458007213
0.28210725458176233
0.282107254583427
0.2821072545850666
0.28210725458668134
0.2821072545882717
0.28210725458983804
0.2821072545913807
0.2821072545929
0.2821072545943964
0.28210725459587016
0.28210725459732167
0.2821072545987513
0.28210725460015923
0.2821072546015459
0.28210725460291164
0.2821072546042568
0.2821072546055816
0.28210725460688635
0.2821072546081713
0.282107254609437
0.2821072546106834
0.2821072546119111
0.28210725461312025
0.2821072546143111
0.28210725461548397
0.28210725461663905
0.28210725461777675
0.28210725461889724
0.2821072546200008
0.2821072546210877
0.28210725462215813
0.2821072546232124
0.2821072546242508
0.2821072546252735
0.28210725462628067
0.2821072546272727
0.28210725462824976
0.282107254629212
0.2821072546301597
0.2821072546310931
0.28210725463201236
0.28210725463291775
0.2821072546338094
0.28210725463468767
0.2821072546355527
0.28210725463640457
0.2821072546372437
0.28210725463807
0.28210725463888386
0.28210725463968545
0.2821072546404749
0.2821072546412524
0.2821072546420182
0.2821072546427723
0.28210725464351516
0.28210725464424674
0.2821072546449673
0.282107254645677
0.28210725464637587
0.28210725464706427
0.28210725464774217
0.2821072546484099
0.2821072546490675
0.28210725464971514
0.2821072546503531
0.28210725465098124
0.2821072546516001
0.2821072546522095
0.2821072546528097
0.28210725465340086
0.28210725465398306
0.28210725465455655
0.2821072546551213
0.28210725465567754
0.2821072546562253
0.2821072546567649
0.28210725465729625
0.2821072546578196
0.28210725465833514
0.2821072546588427
0.2821072546593426
0.2821072546598351
0.2821072546603201
0.2821072546607978
0.2821072546612682
0.28210725466173153
0.2821072546621879
0.2821072546626373
0.28210725466308
0.2821072546635161
0.28210725466394554
0.2821072546643684
0.2821072546647849
0.28210725466519515
0.2821072546655991
0.282107254665997
0.2821072546663889
0.2821072546667749
0.28210725466715497
0.2821072546675293
0.28210725466789804
0.28210725466826125
0.2821072546686189
0.2821072546689712
0.28210725466931813
0.28210725466965986
0.2821072546699964
0.2821072546703278
0.28210725467065423
0.2821072546709757
0.2821072546712924
0.2821072546716043
0.28210725467191144
0.2821072546722139
0.28210725467251185
0.28210725467280534
0.2821072546730944
0.282107254673379
0.2821072546736594
0.28210725467393544
0.2821072546742074
0.2821072546744752
0.28210725467473896
0.28210725467499875
0.28210725467525466
0.2821072546755067
0.2821072546757549
0.2821072546759994
0.28210725467624015
0.2821072546764773
0.2821072546767108
0.28210725467694076
0.2821072546771673
0.2821072546773904
0.28210725467761005
0.28210725467782644
0.2821072546780395
0.2821072546782495
0.2821072546784562
0.2821072546786599
0.28210725467886044
0.28210725467905795
0.28210725467925246
0.28210725467944403
0.2821072546796327
0.2821072546798185
0.2821072546800016
0.2821072546801819
0.2821072546803594
0.28210725468053427
0.2821072546807065
0.2821072546808762
0.28210725468104325
0.2821072546812078
0.2821072546813698
0.2821072546815294
0.2821072546816866
0.2821072546818414
0.2821072546819939
0.28210725468214404
0.282107254682292
0.2821072546824377
0.28210725468258113
0.28210725468272246
0.28210725468286163
0.2821072546829987
0.2821072546831337
0.2821072546832667
0.2821072546833976
0.2821072546835265
0.28210725468365344
0.2821072546837785
0.28210725468390163
0.28210725468402303
0.28210725468414255
0.2821072546842603
0.28210725468437614
0.2821072546844904
0.28210725468460285
0.2821072546847137
0.2821072546848229
0.28210725468493036
0.2821072546850363
0.28210725468514053
0.28210725468524317
0.2821072546853442
0.28210725468544384
0.2821072546855418
0.28210725468563846
0.28210725468573356
0.2821072546858272
0.28210725468591946
0.28210725468601033
0.2821072546860998
0.28210725468618797
0.2821072546862748
0.2821072546863603
0.28210725468644443
0.28210725468652736
0.282107254686609
0.28210725468668946
0.28210725468676867
0.2821072546868467
0.28210725468692355
0.2821072546869992
0.28210725468707376
0.2821072546871472
0.28210725468721953
0.28210725468729075
0.2821072546873609
0.28210725468743
0.28210725468749803
0.28210725468756503
0.28210725468763104
0.28210725468769604
0.28210725468776005
0.2821072546878231
0.2821072546878852
0.2821072546879464
0.2821072546880066
0.2821072546880659
0.28210725468812436
0.28210725468818193
0.2821072546882386
0.2821072546882944
0.2821072546883494
0.28210725468840353
0.2821072546884569
0.28210725468850933
0.28210725468856107
0.2821072546886121
0.2821072546886622
0.2821072546887116
0.2821072546887603
0.28210725468880826
0.28210725468885545
0.28210725468890196
0.2821072546889477
0.28210725468899284
0.2821072546890373
0.28210725468908104
0.28210725468912407
0.28210725468916653
0.28210725468920833
0.28210725468924946
0.28210725468929004
0.28210725468932996
0.28210725468936926
0.282107254689408
0.28210725468944614
0.2821072546894838
0.28210725468952075
0.28210725468955716
0.282107254689593
0.2821072546896284
0.2821072546896632
0.2821072546896975
0.28210725468973125
0.28210725468976455
0.2821072546897973
0.2821072546898296
0.2821072546898614
0.28210725468989273
0.28210725468992354
0.2821072546899539
0.2821072546899838
0.2821072546900133
0.28210725469004233
0.28210725469007086
0.28210725469009895
0.2821072546901267
0.282107254690154
0.2821072546901809
0.28210725469020737
0.28210725469023346
0.28210725469025916
0.2821072546902844
0.28210725469030934
0.2821072546903338
0.282107254690358
0.2821072546903818
0.2821072546904052
0.2821072546904283
0.28210725469045106
0.28210725469047343
0.28210725469049547
0.28210725469051723
0.2821072546905386
0.28210725469055964
0.2821072546905804
0.2821072546906009
0.28210725469062103
0.2821072546906408
0.28210725469066034
0.28210725469067954
0.28210725469069853
0.2821072546907172
0.2821072546907355
0.2821072546907536
0.2821072546907714
0.282107254690789
0.2821072546908063
0.2821072546908233
0.2821072546908401
0.28210725469085657
0.2821072546908729
0.2821072546908889
0.28210725469090464
0.28210725469092013
0.28210725469093545
0.28210725469095055
0.28210725469096537
0.28210725469098
0.2821072546909944
0.28210725469100856
0.2821072546910226
0.2821072546910363
0.2821072546910499
0.28210725469106324
0.28210725469107634
0.28210725469108927
0.28210725469110204
0.28210725469111453
0.28210725469112696
0.2821072546911391
0.28210725469115117
0.28210725469116293
0.28210725469117465
0.2821072546911861
0.2821072546911974
0.2821072546912085
0.28210725469121944
0.2821072546912302
0.2821072546912408
0.2821072546912513
0.2821072546912616
0.28210725469127174
0.2821072546912818
0.28210725469129155
0.2821072546913013
0.28210725469131076
0.2821072546913202
0.28210725469132947
0.28210725469133857
0.2821072546913476
0.28210725469135645
0.2821072546913651
0.2821072546913737
0.2821072546913822
0.28210725469139053
0.2821072546913987
0.2821072546914068
0.28210725469141473
0.28210725469142256
0.28210725469143033
0.2821072546914378
0.2821072546914453
0.28210725469145276
0.28210725469146
0.2821072546914671
0.2821072546914742
0.2821072546914811
0.2821072546914879
0.2821072546914946
0.28210725469150133
0.2821072546915078
0.2821072546915142
0.2821072546915206
0.28210725469152687
0.28210725469153297
0.282107254691539
0.2821072546915449
0.2821072546915508
0.2821072546915566
0.2821072546915623
0.28210725469156783
0.28210725469157333
0.2821072546915788
0.2821072546915842
0.28210725469158937
0.28210725469159453
0.2821072546915997
0.2821072546916048
0.28210725469160974
0.2821072546916146
0.28210725469161935
0.2821072546916242
0.28210725469162895
0.2821072546916335
0.28210725469163794
0.2821072546916424
0.2821072546916468
0.28210725469165127
0.28210725469165554
0.28210725469165965
0.28210725469166376
0.2821072546916678
0.2821072546916719
0.2821072546916759
0.28210725469167985
0.2821072546916836
0.28210725469168735
0.28210725469169107
0.2821072546916947
0.28210725469169823
0.2821072546917018
0.28210725469170533
0.2821072546917089
0.2821072546917122
0.2821072546917154
0.2821072546917186
0.28210725469172176
0.282107254691725
0.2821072546917282
0.28210725469173137
0.2821072546917345
0.28210725469173736
0.28210725469174025
0.2821072546917431
0.2821072546917459
0.28210725469174874
0.2821072546917516
0.28210725469175446
0.2821072546917571
0.2821072546917598
0.28210725469176245
0.28210725469176506
0.28210725469176756
0.28210725469177
0.2821072546917725
0.282107254691775
0.2821072546917775
0.28210725469177983
0.28210725469178216
0.28210725469178444
0.28210725469178677
0.28210725469178904
0.28210725469179115
0.2821072546917933
0.28210725469179543
0.28210725469179754
0.2821072546917997
0.2821072546918018
0.28210725469180387
0.28210725469180586
0.2821072546918078
0.2821072546918097
0.28210725469181147
0.28210725469181325
0.282107254691815
0.2821072546918168
0.2821072546918186
0.28210725469182035
0.28210725469182213
0.2821072546918239
0.2821072546918257
0.28210725469182735
0.28210725469182896
0.28210725469183057
0.2821072546918322
0.28210725469183356
0.282107254691835
0.28210725469183645
0.28210725469183784
0.2821072546918393
0.28210725469184067
0.282107254691842
0.2821072546918433
0.2821072546918445
0.2821072546918457
0.282107254691847
0.2821072546918482
0.2821072546918495
0.2821072546918507
0.28210725469185194
0.2821072546918532
0.28210725469185444
0.2821072546918557
0.2821072546918568
0.2821072546918579
0.28210725469185893
0.28210725469186004
0.2821072546918611
0.28210725469186215
0.2821072546918632
0.2821072546918642
0.2821072546918651
0.282107254691866
0.28210725469186687
0.28210725469186776
0.28210725469186865
0.28210725469186954
0.2821072546918704
0.2821072546918713
0.2821072546918722
0.2821072546918731
0.282107254691874
0.28210725469187486
0.28210725469187575
0.28210725469187664
0.28210725469187753
0.2821072546918784
0.2821072546918793
0.2821072546918802
0.2821072546918811
0.28210725469188186
0.2821072546918826
0.2821072546918833
0.282107254691884
0.2821072546918847
0.2821072546918854
0.28210725469188613
0.28210725469188686
0.2821072546918876
0.28210725469188824
0.28210725469188896
0.2821072546918897
0.2821072546918904
0.28210725469189113
0.2821072546918918
0.2821072546918925
0.28210725469189324
0.28210725469189396
0.2821072546918947
0.28210725469189535
0.28210725469189607
0.2821072546918968
0.2821072546918975
0.282107254691898
0.28210725469189857
0.2821072546918991
0.2821072546918996
0.2821072546919002
0.2821072546919007
0.28210725469190123
0.2821072546919018
0.2821072546919023
0.28210725469190284
0.28210725469190334
0.2821072546919039
0.28210725469190445
0.28210725469190495
0.2821072546919055
0.282107254691906
0.28210725469190656
0.2821072546919071
0.2821072546919076
0.28210725469190817
0.28210725469190867
0.2821072546919092
0.2821072546919098
0.2821072546919103
0.28210725469191084
0.28210725469191134
0.2821072546919119
0.28210725469191245
0.28210725469191295
0.28210725469191344
0.28210725469191383
0.28210725469191417
0.2821072546919145
0.2821072546919149
0.2821072546919152
0.2821072546919156
0.28210725469191594
0.2821072546919163
0.28210725469191666
0.282107254691917
0.2821072546919174
0.2821072546919177
0.28210725469191805
0.28210725469191844
0.2821072546919188
0.28210725469191916
0.2821072546919195
0.28210725469191983
0.2821072546919202
0.28210725469192055
0.28210725469192094
0.28210725469192127
0.2821072546919216
0.282107254691922
0.2821072546919223
0.2821072546919227
0.28210725469192305
0.2821072546919234
0.28210725469192377
0.2821072546919241
0.2821072546919245
0.2821072546919248
0.28210725469192516
0.28210725469192555
0.2821072546919259
0.28210725469192627
0.2821072546919266
0.28210725469192693
0.2821072546919273
0.28210725469192766
0.28210725469192804
0.2821072546919284
0.2821072546919287
0.2821072546919291
0.28210725469192943
0.2821072546919296
0.28210725469192977
0.28210725469192993
0.2821072546919301
0.2821072546919303
0.2821072546919305
0.28210725469193065
0.2821072546919308
0.282107254691931
0.2821072546919312
0.2821072546919314
0.28210725469193154
0.2821072546919317
0.2821072546919319
0.2821072546919321
0.28210725469193226
0.28210725469193243
0.2821072546919326
0.28210725469193276
0.282107254691933
0.28210725469193315
0.2821072546919333
0.2821072546919335
0.28210725469193365
0.2821072546919339
0.28210725469193404
0.2821072546919342
0.2821072546919344
0.28210725469193454
0.28210725469193476
0.28210725469193493
0.2821072546919351
0.28210725469193526
0.2821072546919354
0.28210725469193565
0.2821072546919358
0.282107254691936
0.28210725469193615
0.2821072546919363
0.28210725469193654
0.2821072546919367
0.28210725469193687
0.28210725469193704
0.2821072546919372
0.2821072546919374
0.2821072546919376
0.28210725469193776
0.2821072546919379
0.2821072546919381
0.2821072546919383
0.2821072546919385
0.28210725469193865
0.2821072546919388
0.282107254691939
0.2821072546919392
0.28210725469193937
0.28210725469193954
0.2821072546919397
0.28210725469193987
0.2821072546919401
0.28210725469194026
0.2821072546919404
0.2821072546919406
0.28210725469194076
0.282107254691941
0.28210725469194115
0.2821072546919413
0.2821072546919415
0.28210725469194164
0.28210725469194187
0.28210725469194203
0.2821072546919422
0.28210725469194237
0.28210725469194253
0.28210725469194275
0.2821072546919429
0.2821072546919431
0.28210725469194325
0.2821072546919434
0.28210725469194364
0.2821072546919438
0.282107254691944
0.28210725469194414
0.2821072546919443
0.28210725469194453
0.2821072546919447
0.28210725469194486
0.28210725469194503
0.2821072546919452
0.2821072546919453
0.2821072546919453
0.2821072546919453
0.2821072546919453
0.2821072546919453
0.2821072546919453
0.2821072546919453
0.2821072546919453
0.2821072546919453
0.2821072546919453
0.2821072546919453
0.2821072546919453
0.2821072546919453
0.2821072546919453
0.2821072546919453
0.2821072546919453
0.2821072546919453
0.2821072546919453
0.2821072546919453
0.2821072546919453
0.2821072546919453
0.2821072546919453
0.2821072546919453
0.2821072546919453
0.2821072546919453
0.2821072546919453
0.2821072546919453
0.2821072546919453
0.2821072546919453
0.2821072546919453
0.2821072546919453
0.2821072546919453
0.2821072546919453
0.2821072546919453
0.2821072546919453
0.2821072546919453
0.2821072546919453
0.2821072546919453
0.2821072546919453
0.2821072546919453
0.2821072546919453
0.2821072546919453
0.2821072546919453
0.2821072546919453
0.2821072546919453
0.2821072546919453
0.2821072546919453
0.2821072546919453
0.2821072546919453
0.2821072546919453
0.2821072546919453
0.2821072546919453
0.2821072546919453
0.2821072546919453
0.2821072546919453
0.2821072546919453
0.2821072546919453
0.2821072546919453
0.2821072546919453
0.2821072546919453
0.2821072546919453
0.2821072546919453
0.2821072546919453
0.2821072546919453
0.2821072546919453
0.2821072546919453
0.2821072546919453
0.2821072546919453
0.2821072546919453
0.2821072546919453
0.2821072546919453
0.2821072546919453
0.2821072546919453
0.2821072546919453
0.2821072546919453
0.2821072546919453
0.2821072546919453
0.2821072546919453
0.2821072546919453
0.2821072546919453
0.2821072546919453
0.2821072546919453
0.2821072546919453
0.2821072546919453
0.2821072546919453
0.2821072546919453
0.2821072546919453
0.2821072546919453
0.2821072546919453
0.2821072546919453
0.2821072546919453
0.2821072546919453
0.2821072546919453
0.2821072546919453
0.2821072546919453
0.2821072546919453
0.2821072546919453
0.2821072546919453
0.2821072546919453
0.2821072546919453
0.2821072546919453
0.2821072546919453
0.2821072546919453
0.2821072546919453
0.2821072546919453
0.2821072546919453
0.2821072546919453
0.2821072546919453
0.2821072546919453
0.2821072546919453
0.2821072546919453
0.2821072546919453
0.2821072546919453
0.2821072546919453
0.2821072546919453
0.2821072546919453
0.2821072546919453
0.2821072546919453
0.2821072546919453
0.2821072546919453
0.2821072546919453
0.2821072546919453
0.2821072546919453
0.2821072546919453
0.2821072546919453
0.2821072546919453
0.2821072546919453
0.2821072546919453
0.2821072546919453
0.2821072546919453
0.2821072546919453
0.2821072546919453
0.2821072546919453
0.2821072546919453
0.2821072546919453
0.2821072546919453
0.2821072546919453
0.2821072546919453
0.2821072546919453
0.2821072546919453
0.2821072546919453
0.2821072546919453
0.2821072546919453
0.2821072546919453
0.2821072546919453
0.2821072546919453
0.2821072546919453
0.2821072546919453
0.2821072546919453
0.2821072546919453
0.2821072546919453
0.2821072546919453
0.2821072546919453
0.2821072546919453
0.2821072546919453
0.2821072546919453
0.2821072546919453
0.2821072546919453
0.2821072546919453
0.2821072546919453
0.2821072546919453
0.2821072546919453
0.2821072546919453
0.2821072546919453
0.2821072546919453
0.2821072546919453
0.2821072546919453
0.2821072546919453
0.2821072546919453
0.2821072546919453
0.2821072546919453
0.2821072546919453
0.2821072546919453
0.2821072546919453
0.2821072546919453
0.2821072546919453
0.2821072546919453
0.2821072546919453
0.2821072546919453
0.2821072546919453
0.2821072546919453
0.2821072546919453
0.2821072546919453
0.2821072546919453
0.2821072546919453
0.2821072546919453
0.2821072546919453
0.2821072546919453
0.2821072546919453
0.2821072546919453
0.2821072546919453
0.2821072546919453
0.2821072546919453
0.2821072546919453
0.2821072546919453
0.2821072546919453
0.2821072546919453
0.2821072546919453
0.2821072546919453
0.2821072546919453
0.2821072546919453
0.2821072546919453
0.2821072546919453
0.2821072546919453
0.2821072546919453
0.2821072546919453
0.2821072546919453
0.2821072546919453
0.2821072546919453
0.2821072546919453
0.2821072546919453
0.2821072546919453
0.2821072546919453
0.2821072546919453
0.2821072546919453
0.2821072546919453
0.2821072546919453
0.2821072546919453
0.2821072546919453
0.2821072546919453
0.2821072546919453
0.2821072546919453
0.2821072546919453
0.2821072546919453
0.2821072546919453
0.2821072546919453
0.2821072546919453
0.2821072546919453
0.2821072546919453
0.2821072546919453
0.2821072546919453
0.2821072546919453
0.2821072546919453
0.2821072546919453
0.2821072546919453
0.2821072546919453
0.2821072546919453
0.2821072546919453
0.2821072546919453
0.2821072546919453
0.2821072546919453
0.2821072546919453
0.2821072546919453
0.2821072546919453
0.2821072546919453
0.2821072546919453
0.2821072546919453
0.2821072546919453
0.2821072546919453
0.2821072546919453
0.2821072546919453
0.2821072546919453
0.2821072546919453
0.2821072546919453
0.2821072546919453
0.2821072546919453
0.2821072546919453
0.2821072546919453
0.2821072546919453
0.2821072546919453
0.2821072546919453
0.2821072546919453
0.2821072546919453
0.2821072546919453
0.2821072546919453
0.2821072546919453
0.2821072546919453
0.2821072546919453
0.2821072546919453
0.2821072546919453
0.2821072546919453
0.2821072546919453
0.2821072546919453
0.2821072546919453
0.2821072546919453
0.2821072546919453
0.2821072546919453
0.2821072546919453
0.2821072546919453
0.2821072546919453
0.2821072546919453
0.2821072546919453
0.2821072546919453
0.2821072546919453
0.2821072546919453
0.2821072546919453
0.2821072546919453
0.2821072546919453
0.2821072546919453
0.2821072546919453
0.2821072546919453
0.2821072546919453
0.2821072546919453
0.2821072546919453
0.2821072546919453
0.2821072546919453
0.2821072546919453
0.2821072546919453
0.2821072546919453
0.2821072546919453
0.2821072546919453
0.2821072546919453
0.2821072546919453
0.2821072546919453
0.2821072546919453
0.2821072546919453
0.2821072546919453
0.2821072546919453
0.2821072546919453
0.2821072546919453
0.2821072546919453
0.2821072546919453
0.2821072546919453
0.2821072546919453
0.2821072546919453
0.2821072546919453
0.2821072546919453
0.2821072546919453
0.2821072546919453
0.2821072546919453
0.2821072546919453
0.2821072546919453
0.2821072546919453
0.2821072546919453
0.2821072546919453
0.2821072546919453
0.2821072546919453
0.2821072546919453
0.2821072546919453
0.2821072546919453
0.2821072546919453
0.2821072546919453
0.2821072546919453
0.2821072546919453
0.2821072546919453
0.2821072546919453
0.2821072546919453
0.2821072546919453
0.2821072546919453
0.2821072546919453
0.2821072546919453
0.2821072546919453
0.2821072546919453
0.2821072546919453
0.2821072546919453
0.2821072546919453
0.2821072546919453
0.2821072546919453
0.2821072546919453
0.2821072546919453
0.2821072546919453
0.2821072546919453
0.2821072546919453
0.2821072546919453
0.2821072546919453
0.2821072546919453
0.2821072546919453
0.2821072546919453
0.2821072546919453
0.2821072546919453
0.2821072546919453
0.2821072546919453
0.2821072546919453
0.2821072546919453
0.2821072546919453
0.2821072546919453
0.2821072546919453
0.2821072546919453
0.2821072546919453
0.2821072546919453
0.2821072546919453
0.2821072546919453
0.2821072546919453
0.2821072546919453
0.2821072546919453
0.2821072546919453
0.2821072546919453
0.2821072546919453
0.2821072546919453
0.2821072546919453
0.2821072546919453
0.2821072546919453
0.2821072546919453
0.2821072546919453
0.2821072546919453
0.2821072546919453
0.2821072546919453
0.2821072546919453
0.2821072546919453
0.2821072546919453
0.2821072546919453
0.2821072546919453
0.2821072546919453
0.2821072546919453
0.2821072546919453
0.2821072546919453
0.2821072546919453
0.2821072546919453
0.2821072546919453
0.2821072546919453
0.2821072546919453
0.2821072546919453
0.2821072546919453
0.2821072546919453
0.2821072546919453
0.2821072546919453
0.2821072546919453
0.2821072546919453
0.2821072546919453
0.2821072546919453
0.2821072546919453
0.2821072546919453
0.2821072546919453
0.2821072546919453
0.2821072546919453
0.2821072546919453
0.2821072546919453
0.2821072546919453
0.2821072546919453
0.2821072546919453
0.2821072546919453
0.2821072546919453
0.2821072546919453
0.2821072546919453
0.2821072546919453
0.2821072546919453
0.2821072546919453
0.2821072546919453
0.2821072546919453
0.2821072546919453
0.2821072546919453
0.2821072546919453
0.2821072546919453
0.2821072546919453
0.2821072546919453
0.2821072546919453
0.2821072546919453
0.2821072546919453
0.2821072546919453
0.2821072546919453
0.2821072546919453
0.2821072546919453
0.2821072546919453
0.2821072546919453
0.2821072546919453
0.2821072546919453
0.2821072546919453
0.2821072546919453
0.2821072546919453
0.2821072546919453
0.2821072546919453
0.2821072546919453
0.2821072546919453
0.2821072546919453
0.2821072546919453
0.2821072546919453
0.2821072546919453
0.2821072546919453
0.2821072546919453
0.2821072546919453
0.2821072546919453
0.2821072546919453
0.2821072546919453
0.2821072546919453
0.2821072546919453
0.2821072546919453
0.2821072546919453
0.2821072546919453
0.2821072546919453
0.2821072546919453
0.2821072546919453
0.2821072546919453
0.2821072546919453
0.2821072546919453
0.2821072546919453
0.2821072546919453
0.2821072546919453
0.2821072546919453
0.2821072546919453
0.2821072546919453
0.2821072546919453
0.2821072546919453
0.2821072546919453
0.2821072546919453
0.2821072546919453
0.2821072546919453
0.2821072546919453
0.2821072546919453
0.2821072546919453
0.2821072546919453
0.2821072546919453
0.2821072546919453
0.2821072546919453
0.2821072546919453
0.2821072546919453
0.2821072546919453
0.2821072546919453
0.2821072546919453
0.2821072546919453
0.2821072546919453
0.2821072546919453
0.2821072546919453
0.2821072546919453
0.2821072546919453
0.2821072546919453
0.2821072546919453
0.2821072546919453
0.2821072546919453
0.2821072546919453
0.2821072546919453
0.2821072546919453
0.2821072546919453
0.2821072546919453
0.2821072546919453
0.2821072546919453
0.2821072546919453
0.2821072546919453
0.2821072546919453
0.2821072546919453
0.2821072546919453
0.2821072546919453
0.2821072546919453
0.2821072546919453
0.2821072546919453
0.2821072546919453
0.2821072546919453
0.2821072546919453
0.2821072546919453
0.2821072546919453
0.2821072546919453
0.2821072546919453
0.2821072546919453
0.2821072546919453
0.2821072546919453
0.2821072546919453
0.2821072546919453
0.2821072546919453
0.2821072546919453
0.2821072546919453
0.2821072546919453
0.2821072546919453
0.2821072546919453
0.2821072546919453
0.2821072546919453
0.2821072546919453
0.2821072546919453
0.2821072546919453
0.2821072546919453
0.2821072546919453
0.2821072546919453
0.2821072546919453
0.2821072546919453
0.2821072546919453
0.2821072546919453
0.2821072546919453
0.2821072546919453
0.2821072546919453
0.2821072546919453
0.2821072546919453
0.2821072546919453
0.2821072546919453
0.2821072546919453
0.2821072546919453
0.2821072546919453
0.2821072546919453
0.2821072546919453
0.2821072546919453
0.2821072546919453
0.2821072546919453
0.2821072546919453
0.2821072546919453
0.2821072546919453
0.2821072546919453
0.2821072546919453
0.2821072546919453
0.2821072546919453
0.2821072546919453
0.2821072546919453
0.2821072546919453
0.2821072546919453
0.2821072546919453
0.2821072546919453
0.2821072546919453
0.2821072546919453
0.2821072546919453
0.2821072546919453
0.2821072546919453
0.2821072546919453
0.2821072546919453
0.2821072546919453
0.2821072546919453
0.2821072546919453
0.2821072546919453
0.2821072546919453
0.2821072546919453
0.2821072546919453
0.2821072546919453
0.2821072546919453
0.2821072546919453
0.2821072546919453
0.2821072546919453
0.2821072546919453
0.2821072546919453
0.2821072546919453
0.2821072546919453
0.2821072546919453
0.2821072546919453
0.2821072546919453
0.2821072546919453
0.2821072546919453
0.2821072546919453
0.2821072546919453
0.2821072546919453
0.2821072546919453
0.2821072546919453
0.2821072546919453
0.2821072546919453
0.2821072546919453
0.2821072546919453
0.2821072546919453
0.2821072546919453
0.2821072546919453
0.2821072546919453
0.2821072546919453
0.2821072546919453
