1.3998365551073844
1.3990193200165333
1.3982020672496143
1.3973847968645559
1.396567508929621
1.3957502035244338
1.3949328807410961
1.3941155406854078
1.3932981834781948
1.392480809256754
1.3916634181764282
1.3908460104123193
1.3900285861611459
1.389211145643268
1.3883936891048778
1.387576216820381
1.3867587290949765
1.385941226267451
1.3851237087132082
1.384306176847541
1.3834886311291743
1.3826710720640918
1.3818535002096681
1.381035916179131
1.3802183206463712
1.379400714351128
1.3785830981045744
1.3777654727953292
1.376947839395926
1.3761301989697627
1.375312552678576
1.374494901790456
1.3736772476884525
1.3728595918797963
1.3720419360057878
1.3712242818523754
1.3704066313614824
1.3695889866431146
1.3687713499882994
1.3679537238829058
1.3671361110223896
1.3663185143275178
1.3655009369611302
1.364683382345988
1.3638658541837712
1.3630483564752816
1.3622308935419207
1.3614134700484979
1.3605960910274435
1.3597787619044908
1.3589614885258994
1.3581442771872951
1.3573271346642013
1.3565100682443352
1.3556930857617542
1.3548761956329358
1.3540594068948666
1.3532427292452376
1.3524261730848255
1.3516097495621546
1.3507934706205358
1.349977349047567
1.3491613985272037
1.3483456336944868
1.3475300701930413
1.3467147247354327
1.345899615166501
1.3450847605297667
1.3442701811370241
1.3434558986412208
1.3426419361127488
1.341828318119247
1.3410150708090267
1.3402022219982477
1.3393898012619372
1.3385778400289883
1.3377663716812298
1.3369554316566958
1.3361450575571963
1.335335289260299
1.3345261690358314
1.3337177416669894
1.3329100545761636
1.3321031579555491
1.3312971049026328
1.3304919515606048
1.3296877572637527
1.3288845846878627
1.3280825000056344
1.3272815730470984
1.3264818774649754
1.3256834909049002
1.324886495180377
1.32409097645229
1.323297025412727
1.3225047374728192
1.3217142129542165
1.3209255572837284
1.3201388811905637
1.319354300905498
1.3185719383611607
1.3177919213924973
1.3170143839363107
1.3162394662286032
1.3154673149982707
1.3146980836554627
1.313931932472737
1.3131690287568647
1.3124095470089039
1.311653669069887
1.3109015842491858
1.3101534894323243
1.3094095891647235
1.3086700957075623
1.3079352290616557
1.3072052169549755
1.3064802947892005
1.3057607055404565
1.3050466996092434
1.3043385346144354
1.303636475126198
1.3029407923327108
1.3022517636357396
1.3015696721703507
1.3008948062444723
1.3002274586945393
1.2995679261541462
1.2989165082335064
1.2982735066085345
1.297639224019569
1.2970139631811148
1.2963980256054932
1.2957917103449381
1.2951953126584115
1.2946091226112428
1.2940334236175308
1.2934684909370697
1.2929145901403112
1.2923719755564695
1.2918408887212973
1.2913215568422067
1.2908141912992537
1.2903189862009798
1.2898361170141652
1.289365739286209
1.2889079874780212
1.2884629739240907
1.2880307879346862
1.287611495053115
1.287205136478554
1.28681172866229
1.2864312630823713
1.28606370619867
1.285708999587381
1.2853670602510638
1.2850377810975382
1.2847210315784197
1.2844166584758083
1.2841244868237418
1.2838443209494779
1.2835759456185423
1.2833191272667528
1.2830736153020785
1.2828391434592539
1.2826154311904328
1.2824021850758671
1.2821991002395248
1.2820058617557004
1.2818221460340045
1.281647622171487
1.281481953262149
1.2813247976555702
1.281175810157853
1.2810346431695092
1.2809009477562396
1.2807743746498326
1.2806545751775258
1.2805412021192066
1.2804339104927283
1.280332358268387
1.2802362070142785
1.2801451224747735
1.28005877508481
1.2799768404230145
1.2798989996069272
1.2798249396337638
1.2797543536702474
1.2796869412950738
1.2796224086975674
1.2795604688360205
1.2795008415591176
1.279443253693733
1.27938743910224
1.279333138712321
1.2792801005221024
1.2792280795832596
1.2791768379645692
1.2791261446982072
1.2790757757109203
1.27902551374203
1.2789751482500649
1.2789244753096671
1.2788732975002657
1.2788214237878717
1.2787686694012244
1.278714855703387
1.2786598100597886
1.278603365703591
1.2785453615991733
1.278485642304435
1.2784240578325323
1.2783604635135946
1.2782947198568961
1.2782266924139027
1.278156251642546
1.278083272773042
1.278007635675516
1.277929224729656
1.2778479286965894
1.2777636405931287
1.2776762575685245
1.2775856807838182
1.277491815293876
1.277394569932165
1.2772938571983083
1.2771895931484476
1.2770816972884207
1.2769700924697593
1.2768547047884942
1.2767354634867452
1.2766123008570722
1.276485152149558
1.2763539554815715
1.2762186517501826
1.2760791845471697
1.275935500076574
1.2757875470747486
1.2756352767328436
1.2754786426216729
1.2753176006189038
1.2751521088385116
1.2749821275624404
1.2748076191744093
1.2746285480958048
1.2744448807236053
1.2742565853702719
1.2740636322055556
1.2738659932001568
1.2736636420711864
1.2734565542293723
1.2732447067279542
1.2730280782132177
1.272806648876614
1.2725804004084156
1.2723493159528552
1.2721133800647062
1.2718725786672511
1.2716268990115946
1.2713763296372802
1.271120860334161
1.2708604821054876
1.2705951871321695
1.2703249687381717
1.2700498213570095
1.2697697404993002
1.269484722721339
1.2691947655946645
1.268899867676576
1.2686000284815744
1.2682952484536936
1.2679855289396897
1.2676708721630605
1.2673512811988643
1.267026759949315
1.2666973131201207
1.2663629461975423
1.26602366542615
1.2656794777872487
1.265330390977949
1.264976413390868
1.2646175540944287
1.2642538228137439
1.2638852299120598
1.2635117863727425
1.263133503781787
1.2627503943108314
1.2623624707006564
1.261969746245156
1.2615722347757603
1.261169950646297
1.2607629087182721
1.2603511243465617
1.2599346133654932
1.2595133920753068
1.2590874772289837
1.2586568860194243
1.2582216360669713
1.257781745407258
1.2573372324793732
1.2568881161143366
1.2564344155238625
1.2559761502894162
1.2555133403515386
1.255046005999441
1.2545741678608535
1.2540978468921207
1.2536170643685376
1.2531318418749149
1.2526422012963658
1.2521481648093091
1.2516497548726782
1.2511469942193312
1.2506399058476534
1.2501285130133473
1.2496128392214017
1.2490929082182352
1.2485687439840079
1.2480403707250958
1.2475078128667227
1.2469710950457396
1.2464302421035565
1.2458852790792123
1.2453362312025809
1.2447831238877114
1.244225982726296
1.24366483348126
1.243099702080472
1.2425306146105715
1.2419575973109054
1.2413806765675752
1.2407998789075878
1.2402152309931076
1.2396267596158084
1.2390344916913174
1.2384384542537543
1.237838674450358
1.2372351795362002
1.2366279968689842
1.2360171539039206
1.2354026781886889
1.2347845973584688
1.23416293913105
1.2335377313020133
1.2329090017399789
1.2322767783819286
1.2316410892285878
1.2310019623398758
1.2303594258304176
1.2297135078651165
1.2290642366547853
1.2284116404518368
1.2277557475460288
1.2270965862602652
1.2264341849464497
1.2257685719813929
1.2250997757627677
1.2244278247051188
1.2237527472359153
1.2230745717916556
1.222393326814016
1.2217090407460467
1.2210217420284102
1.220331459095665
1.2196382203725917
1.2189420542705607
1.218242989183941
1.2175410534865516
1.216836275528148
1.2161286836309535
1.2154183060862243
1.214705171150855
1.213989307044021
1.2132707419438564
1.2125495039841696
1.2118256212511944
1.2110991217803748
1.2103700335531868
1.2096383844939942
1.208904202466935
1.2081675152728473
1.2074283506462247
1.206686736252204
1.205942699683588
1.2051962684579
1.2044474700144683
1.203696331711545
1.2029428808234548
1.202187144537777
1.2014291499525556
1.2006689240735422
1.1999064938114694
1.1991418859793557
1.1983751272898362
1.1976062443525302
1.1968352636714328
1.19606221164234
1.1952871145503015
1.1945099985671033
1.1937308897487813
1.1929498140331618
1.1921667972374326
1.191381865055743
1.1905950430568333
1.1898063566816903
1.189015831241236
1.1882234919140415
1.1874293637440712
1.1866334716384543
1.185835840365287
1.18503649455146
1.1842354586805168
1.1834327570905394
1.182628413972062
1.1818224533660142
1.1810148991616904
1.180205775094749
1.1793951047452391
1.178582911535656
1.1777692187290236
1.1769540494270072
1.176137426568051
1.1753193729255482
1.1744999111060361
1.1736790635474204
1.1728568525172296
1.1720333001108956
1.1712084282500648
1.1703822586809358
1.16955481297263
1.1687261125155863
1.1678961785199888
1.1670650320142228
1.16623269384336
1.165399184667676
1.1645645249611922
1.163728735010257
1.1628918349121506
1.1620538445737234
1.1612147837100668
1.160374671843216
1.159533528300883
1.1586913722152254
1.157848222521647
1.1570040979576321
1.1561590170616147
1.1553129981718837
1.1544660594255216
1.1536182187573818
1.1527694938991015
1.151919902378153
1.1510694615169317
1.1502181884318872
1.1493661000326902
1.1485132130214422
1.1476595438919268
1.146805108928904
1.1459499242074473
1.1450940055923253
1.1442373687374279
1.1433800290852418
1.1425220018663682
1.1416633020990945
1.1408039445890106
1.139943943928679
1.1390833144973531
1.1382220704607509
1.1373602257708784
1.1364977941659125
1.1356347891701337
1.134771224093918
1.1339071120337874
1.1330424658725144
1.1321772982792906
1.1313116217099506
1.130445448407262
1.129578790401271
1.1287116595097164
1.1278440673385024
1.1269760252822365
1.1261075445248345
1.125238636040185
1.1243693105928847
1.1234995787390363
1.1226294508271148
1.1217589369988972
1.1208880471904628
1.1200167911332555
1.1191451783552175
1.1182732181819868
1.1174009197381605
1.1165282919486272
1.1156553435399617
1.114782083041887
1.1139085187888018
1.113034658921367
1.1121605113881634
1.1112860839474024
1.1104113841687058
1.109536419434942
1.1086611969441198
1.1077857237113427
1.1069100065708182
1.1060340521779208
1.1051578670113091
1.1042814573750936
1.103404829401054
1.1025279890509045
1.1016509421186045
1.1007736942327115
1.0998962508587788
1.0990186173017877
1.0981407987086207
1.0972628000705673
1.0963846262258632
1.0955062818622567
1.0946277715196073
1.0937490995925037
1.0928702703329072
1.0919912878528144
1.0911121561269372
1.0902328789953961
1.0893534601664268
1.0884739032190958
1.0875942116060222
1.0867143886561046
1.0858344375772482
1.0849543614590926
1.0840741632757354
1.0831938458884494
1.0823134120483915
1.0814328643993032
1.0805522054801942
1.0796714377280134
1.0787905634803017
1.0779095849778246
1.0770285043671837
1.076147323703404
1.0752660449524962
1.0743846699939896
1.073503200623438
1.0726216385548943
1.0717399854233494
1.0708582427871418
1.0699764121303277
1.0690944948650163
1.0682124923336669
1.0673304058113455
1.0664482365079426
1.0655659855703492
1.06468365408459
1.0638012430779145
1.062918753520845
1.0620361863291798
1.0611535423659502
1.0602708224433353
1.0593880273245302
1.0585051577255669
1.0576222143170912
1.056739197726095
1.0558561085375968
1.0549729472962839
1.0540897145081027
1.0532064106418066
1.0523230361304572
1.0514395913728816
1.0505560767350823
1.049672492551607
1.0487888391268694
1.0479051167364328
1.0470213256282448
1.0461374660238345
1.0452535381194656
1.0443695420872496
1.0434854780762195
1.0426013462133632
1.0417171466046182
1.0408328793358301
1.0399485444736731
1.039064142066533
1.0381796721453584
1.0372951347244739
1.0364105298023625
1.0355258573624142
1.0346411173736425
1.0337563097913711
1.03287143455789
1.0319864916030832
1.0311014808450267
1.030216402190561
1.0293312555358383
1.028446040766839
1.0275607577598702
1.026675406382036
1.025789986491687
1.0249044979388455
1.0240189405656128
1.023133314206553
1.0222476186890586
1.0213618538336973
1.0204760194545397
1.0195901153594704
1.018704141350483
1.0178180972239572
1.016931982770923
1.0160457977773083
1.0151595420241735
1.014273219834643
1.0133868467755038
1.012500406066122
1.0116138977720643
1.0107273219901665
1.0098406788514336
1.0089539685241784
1.0080671912174126
1.00718034718451
1.0062934367271632
1.0054064601996515
1.004519418013441
1.0036323106421428
1.0027451386268513
1.0018579025818886
1.0009706032009804
1.0000832412638962
0.9991958176435751
0.9983083333137805
0.997420789357304
0.9965331869747623
0.9956455274940192
0.9947578123802715
0.9938700432468377
0.9929822218666938
0.9920943501847974
0.9912064303312463
0.9903184646353211
0.9894304556404561
0.9885424061201985
0.9876543190952036
0.9867661978513239
0.9858780459588532
0.9849898672929841
0.984101666055545
0.9832134467980803
0.9823252144463457
0.981436974326288
0.9805487321915857
0.9796604942528292
0.9787722672084179
0.977884058277263
0.9769958752333784
0.9761077264424598
0.9752196209005354
0.9743315682747989
0.9734435789467218
0.9725556640575549
0.9716678355563323
0.9707801062504972
0.9698924898592709
0.9690050010698971
0.9681176555968964
0.9672304702444733
0.9663434629722255
0.965456652964315
0.9645700607022627
0.9636837080415436
0.9627976182921644
0.9619118163034169
0.9610263285530084
0.9601411832407842
0.959256410387267
0.9583720419372438
0.9574881118686547
0.9566046563070373
0.9557217136457973
0.9548393246725925
0.9539575327021157
0.9530763837155881
0.9521959265072707
0.9513162128383178
0.9504372975983004
0.949559238974729
0.948682098630907
0.9478059418924467
0.9469308379427629
0.946056860027855
0.9451840856706594
0.9443125968952287
0.9434424804609595
0.9425738281070286
0.94170673680715
0.9408413090346702
0.9399776530379417
0.9391158831257801
0.9382561199626913
0.9373984908733815
0.9365431301558792
0.9356901794023779
0.9348397878266569
0.9339921125966484
0.9331473191703985
0.9323055816332954
0.93146708303404
0.9306320157163774
0.9298005816431147
0.9289729927084157
0.9281494710337863
0.9273302492425515
0.9265155707069822
0.9257056897615706
0.9249008718752734
0.9241013937748747
0.9233075435109815
0.922519620457548
0.9217379352353059
0.9209628095490315
0.9201945759282866
0.9194335773611328
0.9186801668103876
0.9179347066023119
0.9171975676782286
0.9164691287004912
0.9157497750055192
0.9150398973982875
0.9143398907847349
0.9136501526410399
0.9129710813215985
0.9123030742107824
0.9116465257271212
0.9110018251923759
0.9103693545819102
0.9097494861767862
0.9091425801418851
0.9085489820580159
0.9079690204392064
0.9074030042690464
0.9068512205919216
0.9063139321960813
0.9057913754256546
0.9052837581578604
0.9047912579797454
0.9043140205958288
0.903852158494119
0.9034057498931789
0.9029748379874429
0.9025594305019926
0.9021594995617055
0.9017749818733312
0.9014057792128348
0.9010517592045143
0.9007127563731189
0.9003885734456339
0.900078982875677
0.8997837285606346
0.8995025277198049
0.8992350729008686
0.8989810340819645
0.8987400608373949
0.8985117845364431
0.8982958205468219
0.89809177041677
0.8978992240126337
0.8977177615918025
0.8975469557939829
0.8973863735369062
0.897235577805582
0.8970941293270553
0.8969615881252706
0.8968375149530233
0.8967214726000939
0.8966130270784873
0.8965117486872451
0.8964172129605719
0.8963290015040318
0.8962467027243501
0.8961699124589143
0.8960982345114545
0.8960312811005834
0.8959686732279514
0.8959100409727334
0.8958550237190153
0.8958032703224427
0.895754439222218
0.8957081985042259
0.8956642259207191
0.8956222088716471
0.895581844352335
0.8955428388718647
0.8955049083461443
0.8954677779692983
0.8954311820666908
0.8953948639325574
0.895358575654935
0.8953220779302912
0.895285139869998
0.8952475388005507
0.8952090600592132
0.895169496786569
0.8951286497172716
0.895086326970122
0.895042343838452
0.8949965225816505
0.894948692218556
0.8948986883233226
0.8948463528242785
0.8947915338061989
0.8947340853163496
0.8946738671745845
0.8946107447877228
0.8945445889683806
0.8944752757583835
0.8944026862568544
0.8943267064530257
0.8942472270638091
0.8941641433761173
0.894077355093922
0.8939867661900069
0.8938922847623597
0.8937938228951401
0.8936912965241436
0.8935846253066722
0.8934737324957233
0.8933585448183936
0.8932389923583962
0.8931150084425821
0.8929865295313646
0.8928534951129248
0.8927158476010993
0.8925735322368312
0.8924264969930785
0.8922746924830698
0.8921180718717969
0.8919565907906434
0.8917902072550398
0.8916188815850427
0.8914425763287446
0.8912612561884059
0.8910748879492247
0.8908834404106425
0.8906868843201012
0.8904851923091607
0.890278338831894
0.8900663001054755
0.8898490540528838
0.8896265802476403
0.8893988598605104
0.8891658756080932
0.8889276117032309
0.8886840538071695
0.8884351889834058
0.8881810056531592
0.8879214935524025
0.8876566436904008
0.8873864483096954
0.8871109008474807
0.8868299958983219
0.8865437291781627
0.8862520974895728
0.8859550986881906
0.8856527316503136
0.8853449962415958
0.8850318932868055
0.8847134245406079
0.8843895926593306
0.8840604011736781
0.8837258544623523
0.8833859577265534
0.8830407169653205
0.8826901389516831
0.8823342312095945
0.8819730019916109
0.8816064602572945
0.8812346156523106
0.8808574784881911
0.8804750597227391
0.8800873709410533
0.8796944243371437
0.8792962326961208
0.878892809376932
0.8784841682956294
0.8780703239091426
0.877651291199544
0.8772270856587816
0.8767977232738667
0.8763632205124946
0.8759235943090862
0.8754788620512312
0.875029041566519
0.8745741511097426
0.8741142093504606
0.8736492353609054
0.8731792486042227
0.8727042689230291
0.87222431652828
0.8717394119884299
0.8712495762188794
0.8707548304716956
0.8702551963255946
0.8697506956761804
0.8692413507264243
0.8687271839773811
0.8682082182191322
0.8676844765219434
0.8671559822276348
0.8666227589411516
0.8660848305223281
0.8655422210778394
0.8649949549533329
0.8644430567257332
0.8638865511957131
0.8633254633803272
0.8627598185057984
0.8621896420004539
0.8616149594878065
0.8610357967797728
0.8604521798700248
0.859864134927471
0.859271688289862
0.858674866457514
0.8580736960871497
0.8574682039858478
0.8568584171051028
0.8562443625349865
0.8556260674984099
0.8550035593454811
0.8543768655479583
0.8537460136937893
0.8531110314817425
0.8524719467161174
0.8518287873015385
0.851181581237829
0.8505303566149571
0.8498751416080598
0.8492159644725333
0.8485528535391981
0.8478858372095239
0.8472149439509252
0.8465402022921167
0.8458616408185291
0.8451792881677868
0.8444931730252389
0.8438033241195493
0.8431097702183392
0.8424125401238832
0.8417116626688551
0.8410071667121259
0.840299081134608
0.8395874348351484
0.8388722567264676
0.838153575731144
0.8374314207776411
0.8367058207963797
0.8359768047158517
0.8352444014587728
0.8345086399382804
0.833769549054167
0.8330271576891544
0.832281494705206
0.8315325889398761
0.8307804692026983
0.8300251642716066
0.8292667028893963
0.8285051137602187
0.8277404255461093
0.8269726668635536
0.8262018662800853
0.8254280523109186
0.8246512534156141
0.8238714979947784
0.8230888143867954
0.8223032308645932
0.8215147756324401
0.8207234768227758
0.8199293624930735
0.8191324606227348
0.8183327991100164
0.8175304057689889
0.8167253083265282
0.815917534419338
0.8151071115910041
0.8142940672890827
0.8134784288622184
0.8126602235572953
0.811839478516621
0.8110162207751417
0.8101904772576902
0.8093622747762674
0.808531640027355
0.8076985995892614
0.8068631799195031
0.8060254073522146
0.8051853080955972
0.8043429082293971
0.8034982337024204
0.8026513103300806
0.8018021637919819
0.800950819629536
0.8000973032436146
0.7992416398922373
0.7983838546882958
0.7975239725973116
0.7966620184352332
0.7957980168662679
0.794931992400751
0.7940639693930527
0.7931939720395222
0.7923220243764699
0.7914481502781884
0.7905723734550121
0.7896947174514145
0.7888152056441481
0.7879338612404218
0.7870507072761181
0.7861657666140538
0.7852790619422784
0.7843906157724172
0.7835004504380535
0.7826085880931539
0.7817150507105377
0.7808198600803868
0.7799230378088018
0.7790246053163987
0.7781245838369533
0.7772229944160877
0.7763198579100018
0.775415194984252
0.7745090261125747
0.7736013715757544
0.7726922514605409
0.7717816856586122
0.7708696938655842
0.7699562955800681
0.769041510102777
0.7681253565356788
0.7672078537811997
0.7662890205414757
0.7653688753176534
0.7644474364092408
0.763524721913508
0.7626007497249381
0.761675537534729
0.7607491028303462
0.7598214628951265
0.7588926348079329
0.7579626354428622
0.7570314814690049
0.7560991893502554
0.755165775345178
0.7542312555069235
0.7532956456831993
0.752358961516294
0.7514212184431552
0.7504824316955201
0.7495426163001023
0.748601787078832
0.7476599586491491
0.7467171454243561
0.7457733616140199
0.7448286212244339
0.7438829380591333
0.7429363257194664
0.7419887976052221
0.7410403669153139
0.7400910466485212
0.739140849604284
0.7381897883835588
0.7372378753897278
0.7362851228295689
0.7353315427142797
0.734377146860563
0.7334219468917667
0.7324659542390849
0.7315091801428159
0.7305516356536792
0.7295933316341917
0.7286342787601042
0.7276744875218953
0.7267139682263261
0.7257527309980562
0.7247907857813181
0.7238281423416544
0.7228648102677147
0.7219007989731129
0.720936117698349
0.7199707755127899
0.7190047813167155
0.7180381438434253
0.7170708716614087
0.7161029731765788
0.7151344566345716
0.7141653301231071
0.7131956015744169
0.7122252787677362
0.7112543693318617
0.7102828807477759
0.7093108203513374
0.708338195336038
0.7073650127558281
0.7063912795280107
0.7054170024362011
0.7044421881333593
0.7034668431448894
0.7024909738718089
0.701514586593991
0.7005376874734753
0.6995602825578522
0.6985823777837171
0.6976039789802005
0.6966250918725676
0.6956457220858948
0.6946658751488181
0.6936855564973581
0.6927047714788184
0.691723525355761
0.6907418233100576
0.6897596704470166
0.6887770717995875
0.6877940323326441
0.6868105569473427
0.6858266504855602
0.6848423177344104
0.6838575634308384
0.6828723922662934
0.6818868088914813
0.6809008179211957
0.6799144239392284
0.6789276315033581
0.6779404451504191
0.6769528694014473
0.6759649087669061
0.6749765677519888
0.6739878508620007
0.6729987626078164
0.6720093075114133
0.6710194901114821
0.6700293149691118
0.6690387866735464
0.6680479098480165
0.6670566891556392
0.6660651293053889
0.6650732350581359
0.6640810112327492
0.6630884627122638
0.6620955944501101
0.6611024114763986
0.660108918904263
0.6591151219362561
0.6581210258707909
0.6571266361086326
0.6561319581594266
0.6551369976482679
0.6541417603223
0.653146252057342
0.6521504788645371
0.6511544468970194
0.6501581624565869
0.6491616320003807
0.6481648621475593
0.6471678596859601
0.6461706315787449
0.645173184971013
0.644175527196381
0.6431776657835142
0.6421796084625998
0.6411813631717564
0.6401829380633601
0.6391843415102845
0.6381855821120332
0.6371866687007595
0.6361876103471539
0.6351884163661876
0.634189096322698
0.6331896600367971
0.6321901175890894
0.6311904793256816
0.6301907558629669
0.629190958092164
0.6281910971835927
0.6271911845906699
0.626191232053599
0.6251912516027395
0.6241912555616307
0.6231912565496497
0.622191267484281
0.6211913015829761
0.6201913723645789
0.619191493650294
0.6181916795641752
0.6171919445331091
0.6161923032862707
0.6151927708540276
0.6141933625662664
0.6131940940501219
0.6121949812270802
0.6111960403094376
0.6101972877960887
0.6091987404676233
0.6082004153807093
0.6072023298617428
0.6062045014997434
0.6052069481384766
0.6042096878677882
0.6032127390141286
0.6022161201302593
0.6012198499841237
0.600223947546873
0.5992284319800383
0.5982333226218399
0.5972386389726317
0.5962444006794765
0.5952506275198517
0.5942573393844923
0.5932645562593718
0.5922722982068335
0.5912805853458832
0.5902894378316575
0.589298875834088
0.5883089195157808
0.5873195890091395
0.5863309043927581
0.5853428856671183
0.5843555527296245
0.5833689253490196
0.5823830231392221
0.5813978655326312
0.5804134717529523
0.5794298607875938
0.5784470513596927
0.5774650618998293
0.5764839105174938
0.5755036149723696
0.5745241926455006
0.5735456605104161
0.5725680351042812
0.571591332499152
0.5706155682734054
0.5696407574834277
0.5686669146356325
0.5676940536588923
0.5667221878774581
0.5657513299844489
0.5647814814629278
0.5638126161798802
0.5628447825563816
0.5618779897059261
0.5609122459239484
0.5599475586614528
0.5589839344994432
0.5580213791242077
0.5570598973035091
0.556099492863727
0.5551401686679924
0.5541819265953586
0.5532247675210378
0.5522686912977406
0.55131369673814
0.5503597815984874
0.5494069425633963
0.5484551752318113
0.5475044741041711
0.5465548325707751
0.5456062429013536
0.5446586962358467
0.5437121825763842
0.542766690780464
0.5418222085553186
0.5408787224534621
0.5399362178694012
0.5389946790375015
0.5380540890309929
0.537114429762098
0.5361756819832729
0.5352378252895444
0.5343008381219325
0.533364697771948
0.5324293803871559
0.5314948609778051
0.5305611134245154
0.5296281104870334
0.5286958238140592
0.5277642239541604
0.5268332803677919
0.5259029614404462
0.5249732344969691
0.5240440658170752
0.5231154206521174
0.5221872632431571
0.5212595568404065
0.5203322637241059
0.5194053452269219
0.5184787617579516
0.5175524728284276
0.5166264370792307
0.5157006123103198
0.5147749555121984
0.5138494228995432
0.5129239699471275
0.5119985514281732
0.5110731214552746
0.5101476335240366
0.5092220405595712
0.5082962949659992
0.5073703486790975
0.5064441532222346
0.505517659765726
0.5045908191897365
0.5036635821508428
0.5027358991523635
0.5018077206185363
0.5008789969726174
0.49994967871894475
0.4990197165289883
0.49808906133138126
0.49715766440589315
0.4962254774812728
0.4952924528368518
0.49435854340775554
0.49342370289352844
0.49248788586993053
0.4915510479036154
0.4906131456693458
0.4896741370693535
0.4887339813543924
0.487792639245981
0.4868500730592747
0.48590624682595585
0.48496112641647215
0.48401467966091216
0.48306687646775015
0.48211768893966017
0.48116709148555215
0.48021506092796357
0.4792615766049056
0.47830662046525824
0.47735017715679773
0.4763922341059466
0.4754327815883544
0.4744718127894434
0.47350932385409494
0.4725453139247049
0.4715797851669031
0.4706127427823062
0.46964419500777105
0.4686741531007062
0.46770263131012263
0.46672964683321844
0.4657552197574239
0.4647793729879715
0.46380213216119015
0.46282352554386996
0.46184358391918495
0.4608623404597988
0.4598798305889185
0.45889609183018637
0.45791116364742335
0.45692508727534287
0.45593790554245184
0.45494966268743586
0.45396040417039
0.45297017648030286
0.4519790269402335
0.4509870035116292
0.4499941545992231
0.4490005288579294
0.4480061750031036
0.4470111416254824
0.44601547701203537
0.4450192289738777
0.4440224446822899
0.4430251705137795
0.44202745190500303
0.441029333218244
0.44003085761801086
0.43903206695919744
0.4380330016871133
0.4370337007495737
0.43603420152111133
0.4350345397392624
0.4340347494527691
0.4330348629814413
0.4320349108873323
0.43103492195680054
0.43003492319296
0.42903493981796315
0.4280349952845104
0.42703511129594096
0.42603530783423205
0.42503560319521205
0.4240360140302874
0.42303655539397367
0.42203724079653404
0.4210380822610364
0.4200390903841587
0.4190402744000983
0.41804164224696566
0.41704320063507616
0.41604495511658757
0.41504691015596684
0.4140490692008093
0.4130514347525706
0.41205400843681
0.4110567910725886
0.4100597827406965
0.4090629828504268
0.40806639020464996
0.4070700030629743
0.406073819202815
0.405077835978225
0.4040820503763703
0.40308645907155954
0.4020910584767652
0.40109584479259597
0.40010081405370257
0.39910596217261757
0.39811128498104736
0.3971167782686541
0.396122437819373
0.3951282594453274
0.39413423901841343
0.3931403724996343
0.39214665596627263
0.3911530856369959
0.3901596578949946
0.3891663693092561
0.38817321665408194
0.38718019692695727
0.38618730736488216
0.3851945454592748
0.3842019089695578
0.38320939593553693
0.38221700468867953
0.38122473386239975
0.3802325824014555
0.3792405495705573
0.3782486349622887
0.3772568385044346
0.3762651604668089
0.37527360146767225
0.37428216247982304
0.3732908448364462
0.37229965023679656
0.3713085807517894
0.37031763882957186
0.36932682730113875
0.36833614938605663
0.36734560869835314
0.36635520925262716
0.3653649554704297
0.3643748521869601
0.3633849046581234
0.3623951185679821
0.36140550003664
0.3604160556285874
0.35942679236153163
0.3584377177157363
0.35744883964388696
0.35646016658149493
0.35547170745785067
0.3544834717075305
0.3534954692824565
0.35250771066451014
0.3515202068786859
0.35053296950677876
0.34954601070158503
0.3485593432015985
0.34757298034617484
0.34658693609113667
0.3456012250247833
0.34461586238426917
0.3436308640723069
0.34264624667414834
0.341662027474793
0.3406782244763687
0.33969485641562264
0.33871194278146355
0.3377295038324836
0.33674756061439237
0.3357661349772855
0.33478524959267303
0.33380492797018474
0.33282519447387066
0.33184607433800933
0.33086759368233826
0.3298897795266147
0.3289126598044184
0.32793626337610404
0.3269606200408116
0.3259857605474447
0.32501171660452555
0.3240385208888389
0.3230662070527769
0.32209480973030274
0.32112436454145077
0.32015490809528835
0.31918647799126665
0.3182191128188938
0.3172528521556707
0.3162877365632356
0.31532380758167095
0.314361107721933
0.3133996804563764
0.3124395702073494
0.3114808223338501
0.3105234831162404
0.30956759973902576
0.30861322027171934
0.3076603936478183
0.30670916964193234
0.30575959884511383
0.3048117326384495
0.3038656231649848
0.30292132330006055
0.3019788866201526
0.30103836737031314
0.3000998204303214
0.2991633012796598
0.29822886596143655
0.2972965710453862
0.29636647359008006
0.2954386311044872
0.29451310150902704
0.2935899430962599
0.2926692144913606
0.29175097461252225
0.2908352826314367
0.2899221979339952
0.2890117800813509
0.28810408877148147
0.28719918380138326
0.2862971250300262
0.2853979723421878
0.28450178561328154
0.2836086246752841
0.28271854928385776
0.2818316190867572
0.28094789359359645
0.2800674321470467
0.2791902938955215
0.2783165377673981
0.27744622244681255
0.27657940635105566
0.2757161476095891
0.27485650404468775
0.27400053315370715
0.2731482920929671
0.2722998376632298
0.2714552262967476
0.2706145140458441
0.2697777565729882
0.2689450091423124
0.2681163266125232
0.26729176343114347
0.26647137363002604
0.2656552108220712
0.2648433281990802
0.26403577853067195
0.2632326141641919
0.2624338870255379
0.261639648620829
0.2608499500388444
0.26006484195415674
0.2592843746308898
0.25850859792702763
0.2577375612992077
0.2569713138079312
0.2562099041231249
0.25545338052999533
0.25470179093511536
0.2539551828726888
0.2532136035109406
0.25247709965858445
0.25174571777132276
0.25101950395833744
0.25029850398873243
0.24958276329789492
0.24887232699374234
0.24816723986282774
0.24746754637627855
0.246773290695547
0.24608451667795245
0.2454012678820006
0.24472358757246565
0.24405151872522363
0.24338510403182956
0.24272438590383033
0.24206940647681022
0.24142020761416497
0.24077683091060423
0.24013931769538227
0.23950770903525867
0.2388820457371921
0.2382623683507713
0.2376487171703875
0.23704113223715453
0.23643965334058287
0.235844320020014
0.23525517156582285
0.2346722470203959
0.2340955851788926
0.23352522458979813
0.23296120355527625
0.23240356013132912
0.23185233212777412
0.2313075571080435
0.2307692723888166
0.23023751503949177
0.2297123218815051
0.22919372948750338
0.2286817741803796
0.22817649203217547
0.22767791886285957
0.22718609023898614
0.22670104147224102
0.22622280761787908
0.22575142347306065
0.22528692357508903
0.22482934219955644
0.22437871335840087
0.22393507079787817
0.22349844799645438
0.2230688781626197
0.22264639423262889
0.2222310288681708
0.22182281445396865
0.22142178309531452
0.2210279666155408
0.2206413965534283
0.22026210416055553
0.2198901215908442
0.21952548281251924
0.2191682132635557
0.21881834304388995
0.21847590195153097
0.21814091947950331
0.2178134248127521
0.2174934468250084
0.21718101407561466
0.2168761548063096
0.21657889693797128
0.21628926806731802
0.21600729546356617
0.21573300606504386
0.21546642647576025
0.21520758296192888
0.21495650144844533
0.21471320751531736
0.21447772639404739
0.21425008296396672
0.21403030174851959
0.21381840691149812
0.21361442225322594
0.21341837120669055
0.21323027683362342
0.2130501618205272
0.21287804847464947
0.21271395871990262
0.21255791409272817
0.21240993573790665
0.21227004440431063
0.21213826044060144
0.21201460379086906
0.21189909399021356
0.2117917501602686
0.211692591004666
0.21160163480444097
0.2115188994133774
0.21144440225329242
0.2113781603092605
0.21132019012477585
0.21127050779685289
0.2112291289710643
0.21119606883651673
0.2111713421207623
0.21115496308464723
0.2111469455170961
0.21114730272983112
0.2111560475520271
0.21117319232490053
0.21119874889623308
0.21123272861482906
0.21127514232490652
0.21132600036042118
0.21138531253932374
0.21145308815774932
0.21152933598413948
0.21161406425329626
0.21170728066036784
0.21180899235476588
0.21191920593401456
0.21203792743753028
0.21216516234033256
0.21230091554668637
0.21244519138367482
0.21259799359470294
0.21275932533293207
0.21292918915464565
0.21310758701254517
0.21329452024897788
0.21348998958909504
0.21369399513394238
0.21390653635348136
0.21412761207954303
0.21435722049871406
0.21459535914515537
0.21484202489335463
0.21509721395081174
0.21536092185065933
0.21563314344421866
0.21591387289349073
0.21620310366358506
0.21650082851508565
0.21680703949635627
0.21712172793578527
0.21744488443397214
0.21777649885585595
0.21811656032278898
0.21846505720455447
0.21882197711133325
0.21918730688561838
0.2195610325940815
0.21994313951939234
0.22033361215186958
0.22073243418157026
0.22113958848967247
0.22155505714017715
0.22197882137156327
0.22241086158837983
0.22285115735280975
0.22329968737620998
0.22375642951063132
0.22422136074032173
0.22469445717321734
0.22517569403242518
0.22566504564770323
0.22616248544694145
0.2266679859476497
0.22718151874845774
0.22770305452063316
0.22823256299962286
0.22877001297662514
0.22931537229019788
0.2298686078179112
0.23042968546805098
0.2309985701713809
0.23157522587297197
0.23215961552410724
0.23275170107427048
0.23335144346322878
0.2339588026132186
0.2345737374212451
0.23519620575150565
0.23582616442794904
0.23646356922698172
0.23710837487033287
0.2377605350180919
0.23842000226193089
0.23908672811852638
0.23976066302319432
0.24044175632375417
0.24112995627463696
0.24182521003125396
0.2425274636446429
0.24323666205640976
0.24395274909398398
0.2446756674662068
0.2454053587592716
0.2461417634330382
0.2468848208177414
0.24763446911111608
0.24839064537596273
0.24915328553817595
0.24992232438526144
0.2506976955653668
0.25147933158685215
0.2522671638184283
0.25306112248989104
0.2538611366934789
0.25466713438588634
0.2554790423909626
0.25629678640312703
0.2571202909915355
0.2579494796050299
0.258784274577907
0.2596245971365399
0.2604703674068919
0.26132150442295626
0.2621779261361638
0.26303954942579433
0.26390629011043515
0.2647780629605238
0.2656547817120201
0.2665363590812473
0.2674227067809473
0.2683137355375922
0.269209355109997
0.2701094743092794
0.27101400102020984
0.2719228422239998
0.2728359040225725
0.2737530916643638
0.2746743095716979
0.2755994613697858
0.27652844991739156
0.2774611773392121
0.27839754506001674
0.2793374538405904
0.2802808038155245
0.2812274945328996
0.2821774249958989
0.2831304937063965
0.2840865987105559
0.2850456376464776
0.2860075077939289
0.28697210612618923
0.28793932936404
0.28890907403192456
0.2898812365163021
0.29085571312621367
0.29183240015607576
0.292811193950712
0.29379199097262704
0.2947746878715244
0.29575918155606085
0.29674536926782563
0.297733148657526
0.29872241786335163
0.2997130755914849
0.30070502119871345
0.3016981547770945
0.30269237724060927
0.30368759041373694
0.3046836971218664
0.3056806012834533
0.30667820800381745
0.307676423670464
0.30867515604979784
0.30967431438508897
0.3106738094955295
0.31167355387621126
0.3126734617988367
0.3136734494129577
0.3146734348475254
0.3156733383125123
0.3166730822003548
0.31767259118694396
0.318671792331876
0.319670615177655
0.3206689918475233
0.3216668571415734
0.32266414863078174
0.3236608067485808
0.324656774879571
0.3256519994449558
0.3266464299842638
0.3276400192329054
0.3286327231950981
0.32962450121167236
0.33061531602226274
0.3316051338213717
0.3325939243077818
0.3335816607267844
0.33456831990468244
0.3355538822750201
0.33653833189598986
0.3375216564584656
0.33850384728411337
0.3394848993130395
0.3404648110804439
0.3414435846817623
0.3424212257258009
0.3433977432753895
0.3443731497751133
0.3453474609657156
0.34632069578481134
0.3472928762535979
0.3482640273493107
0.34923417686323543
0.35020335524416707
0.3511715954272867
0.35213893264852464
0.3531054042445838
0.35407104943891093
0.35503590911403415
0.35600002557082355
0.3569634422753854
0.35792620359446686
0.358888354520428
0.35984994038703527
0.3608110065775416
0.36177159822674826
0.3627317599189942
0.36369153538429216
0.3646509671951266
0.36561009646676335
0.3665689625642867
0.36752760281999725
0.36848605226528086
0.3694443433816116
0.37040250587600126
0.37136056648698085
0.372318548828137
0.3732764732773593
0.3742343569213585
0.37519221356673876
0.37615005383106465
0.37710788533005013
0.37806571298039715
0.379023539442186
