1.1998847360981153
1.1993084316592952
1.1987321522870409
1.1981558979008287
1.1975796684054596
1.1970034636896028
1.1964272836242043
1.1958511280607542
1.1952749968293979
1.1946988897368773
1.1941228065642937
1.1935467470646708
1.1929707109603096
1.1923946979399125
1.1918187076554627
1.1912427397188385
1.1906667936981432
1.1900908691137286
1.1895149654338892
1.188939082070204
1.188363218372499
1.1877873736234055
1.187211547032481
1.1866357377298677
1.1860599447594515
1.185484167071492
1.1849084035146837
1.1843326528276124
1.1837569136295676
1.1831811844106688
1.1826054635212597
1.1820297491605276
1.181454039364298
1.180878331991954
1.1803026247124282
1.179726914989212
1.1791512000643258
1.1785754769411907
1.1779997423663378
1.1774239928098948
1.1768482244447822
1.1762724331245482
1.1756966143597782
1.1751207632929996
1.1745448746720137
1.1739689428215745
1.1733929616133403
1.1728169244340163
1.1722408241516105
1.1716646530797221
1.171088402939778
1.1705120648211387
1.1699356291389922
1.1693590855899507
1.1687824231052746
1.1682056298016403
1.1676286929293807
1.1670515988181183
1.1664743328197227
1.1658968792485274
1.1653192213187407
1.1647413410789966
1.164163219343996
1.1635848356231966
1.16300616804652
1.1624271932870514
1.1618478864807245
1.1612682211429908
1.1606881690824944
1.1601077003117803
1.159526782955093
1.1589453831533327
1.1583634649662644
1.1577809902720981
1.157197918664581
1.1566142073477796
1.1560298110287488
1.155444681808337
1.15485876907039
1.1542720193696814
1.1536843763189197
1.1530957804752409
1.1525061692266407
1.151915476678854
1.151323633543246
1.15073056702634
1.150136200721669
1.149540454504713
1.1489432444317391
1.1483444826434575
1.1477440772744674
1.1471419323695553
1.146537947807993
1.1459320192370657
1.1453240380161551
1.1447138911727848
1.144101461372132
1.1434866269016006
1.142869261672133
1.142249235238031
1.1416264128371358
1.141000655453291
1.1403718199030783
1.139739758948878
1.1391043214403391
1.138465352486377
1.137822693659816
1.1371761832367746
1.136525656472848
1.1358709459180496
1.1352118817723627
1.1345482922835854
1.1338800041889403
1.1332068432016504
1.1325286345433652
1.1318452035229267
1.1311563761615095
1.130461979863644
1.1297618441330295
1.1290558013313787
1.1283436874777748
1.1276253430852314
1.126900614030251
1.1261693524502716
1.1254314176629112
1.1246866770999469
1.1239350072479728
1.1231762945867216
1.1224104365151188
1.1216373422543118
1.1208569337162033
1.120069146325456
1.1192739297825527
1.1184712487553525
1.1176610834866711
1.1168434303057952
1.1160183020325178
1.1151857282632684
1.1143457555302227
1.1134984473258758
1.1126438839874713
1.11178216243781
1.1109133957813209
1.1100377127567653
1.109155257050521
1.108266186476973
1.1073706720350356
1.1064688968521905
1.105561055029538
1.104647350403187
1.103727995238776
1.1028032088769768
1.1018732163484681
1.1009382469770383
1.099998532989231
1.0990543081482411
1.0981058064287177
1.0971532607476961
1.0961969017651993
1.095236956766127
1.0942736486329985
1.093307194916969
1.0923378070123961
1.0913656894381252
1.0903910392266707
1.0894140454206198
1.088434888673915
1.0874537409542238
1.0864707653413632
1.0854861159157485
1.0844999377300661
1.0835123668568087
1.0825235305039755
1.0815335471910692
1.0805425269775386
1.079550571735958
1.0785577754625066
1.0775642246176795
1.076569998490595
1.0755751695807645
1.074579803991713
1.0735839618313894
1.0725876976148552
1.0715910606652845
1.0705940955098385
1.069596842267476
1.0685993370262377
1.0676016122079852
1.066603696918971
1.0656056172849886
1.0646073967701801
1.0636090564788665
1.0626106154400268
1.0616120908742739
1.060613498443362
1.0596148524824298
1.0586161662153113
1.0576174519533605
1.056618721278326
1.055619985209875
1.0546212543584288
1.053622539063995
1.0526238495217224
1.0516251958949003
1.0506265884161436
1.04962803747749
1.0486295537101278
1.0476311480544611
1.0466328318211917
1.0456346167440795
1.0446365150250134
1.0436385393719974
1.0426407030306317
1.0416430198096296
1.0406455041008922
1.0396481708946212
1.0386510357899346
1.037654115001402
1.036657425361911
1.0356609843222264
1.034664809947594
1.0336689209117074
1.032673336488335
1.0316780765408806
1.0306831615101302
1.029688612400416
1.0286944507644125
1.0277006986867554
1.0267073787666658
1.0257145140997397
1.0247221282590473
1.0237302452756822
1.0227388896188756
1.0217480861757886
1.0207578602310794
1.0197682374463335
1.0187792438394376
1.0177909057639658
1.0168032498886421
1.0158163031769352
1.014830092866831
1.0138446464508326
1.012859991656216
1.0118761564255814
1.0108931688977245
1.009911057388851
1.0089298503741548
1.0079495764697772
1.0069702644151566
1.0059919430557853
1.0050146413263745
1.0040383882344375
1.0030632128442938
1.002089144261495
1.0011162116176733
1.0001444440558114
0.9991738707159318
0.9982045207212011
0.9972364231644438
0.9962696070950636
0.9953041015063622
0.9943399353232514
0.9933771373903508
0.9924157364604616
0.991455761183412
0.9904972400952622
0.989540201607862
0.9885846739987542
0.9876306854014096
0.9866782637957915
0.9857274369992353
0.9847782326576365
0.9838306782369383
0.9828848010149087
0.9819406280732002
0.9809981862896804
0.9800575023310292
0.9791186026455896
0.9781815134564668
0.9772462607548666
0.9763128702936654
0.9753813675812035
0.9744517778752941
0.9735241261774421
0.9725984372272631
0.9716747354970977
0.9707530451868134
0.9698333902187879
0.9689157942330668
0.9680002805826904
0.9670868723291826
0.966175592238198
0.9652664627753199
0.9643595061020033
0.9634547440716603
0.9625521982258816
0.9616518897907881
0.9607538396735101
0.9598580684587881
0.9589645964056923
0.9580734434444558
0.9571846291734174
0.9562981728560722
0.9554140934182231
0.9545324094452339
0.9536531391793766
0.9527763005172734
0.9519019110074283
0.9510299878478451
0.950160547883733
0.9492936076052911
0.9484291831455743
0.9475672902784374
0.9467079444165529
0.9458511606095032
0.9449969535419451
0.944145337531842
0.9432963265287653
0.942449934112262
0.9416061734902867
0.9407650574976989
0.9399265985948191
0.93909080886605
0.9382577000185544
0.937427283380994
0.9365995699023251
0.9357745701506519
0.9349522943121367
0.9341327521899647
0.9333159532033648
0.9325019063866853
0.931690620388522
0.9308821034709029
0.9300763635085236
0.9292734079880376
0.9284732440073994
0.9276758782752599
0.9268813171104149
0.9260895664413078
0.925300631805583
0.924514518349694
0.9237312308285649
0.922950773605304
0.922173150650973
0.9213983655444089
0.9206264214721014
0.9198573212281249
0.9190910672141266
0.9183276614393701
0.9175671055208353
0.9168094006833777
0.9160545477599427
0.9153025471918412
0.9145533990290837
0.9138071029307749
0.9130636581655691
0.9123230636121886
0.9115853177600044
0.910850418709682
0.9101183641738904
0.9093891514780793
0.9086627775613227
0.9079392389772296
0.9072185318949266
0.9065006521001089
0.9057855949961646
0.9050733556053707
0.9043639285701659
0.9036573081544951
0.9029534882452355
0.9022524623536972
0.9015542236172052
0.9008587648007618
0.9001660782987919
0.8994761561369713
0.8987889899741408
0.8981045711043063
0.8974228904587275
0.8967439386080952
0.8960677057648005
0.8953941817852948
0.8947233561725454
0.8940552180785837
0.8933897563071527
0.8927269593164501
0.8920668152219716
0.8914093117994553
0.890754436487927
0.8901021763928498
0.8894525182893778
0.8888054486257153
0.8881609535265835
0.8875190187967961
0.8868796299249424
0.8862427720871824
0.8856084301511534
0.8849765886799882
0.8843472319364467
0.8837203438871627
0.8830959082070049
0.8824739082835533
0.8818543272216932
0.881237147848325
0.8806223527171906
0.88000992411382
0.8793998440605928
0.8787920943219202
0.8781866564095434
0.8775835115879509
0.8769826408799131
0.8763840250721351
0.8757876447210253
0.8751934801585821
0.8746015114983944
0.8740117186417586
0.8734240812839082
0.8728385789203564
0.8722551908533502
0.8716738961984336
0.8710946738911194
0.8705175026936669
0.8699423612019637
0.8693692278525103
0.868798080929502
0.8682288985720108
0.8676616587812592
0.8670963394279861
0.8665329182599006
0.8659713729092203
0.8654116809002916
0.8648538196572866
0.8642977665119729
0.8637434987115546
0.8631909934265769
0.8626402277588905
0.8620911787496737
0.8615438233875037
0.8609981386164736
0.8604541013443507
0.8599116884507692
0.8593708767954508
0.8588316432264511
0.8582939645884214
0.8577578177308822
0.8572231795165017
0.8566900268293728
0.8561583365832807
0.8556280857299574
0.8550992512673128
0.854571810247637
0.8540457397857681
0.8535210170672152
0.8529976193562316
0.8524755240038318
0.851954708455741
0.8514351502602744
0.8509168270761355
0.8503997166801276
0.8498837969747712
0.8493690459958185
0.8488554419196587
0.8483429630706074
0.8478315879280713
0.8473212951335829
0.8468120634976947
0.8463038720067317
0.8457966998293899
0.8452905263231761
0.8447853310406854
0.8442810937357033
0.8437777943691347
0.8432754131147464
0.8427739303647228
0.8422733267350266
0.8417735830705602
0.8412746804501217
0.8407766001911547
0.8402793238542817
0.8397828332476229
0.8392871104308928
0.8387921377192723
0.8382978976870558
0.837804373171066
0.8373115472738384
0.8368194033665708
0.8363279250918376
0.8358370963660682
0.835346901381786
0.8348573246096123
0.8343683508000292
0.8338799649849076
0.8333921524787964
0.832904898879977
0.8324181900712835
0.83193201222069
0.8314463517816679
0.8309611954933166
0.8304765303802668
0.8299923437523663
0.829508623204144
0.8290253566140631
0.8285425321435624
0.8280601382358953
0.8275781636147648
0.827096597282766
0.8266154285196383
0.8261346468803334
0.8256542421929036
0.8251742045562189
0.8246945243375189
0.824215192169802
0.823736198949065
0.8232575358313936
0.8227791942299139
0.8223011658116117
0.8218234424940267
0.8213460164418265
0.8208688800632694
0.8203920260065658
0.8199154471561384
0.8194391366287956
0.8189630877698213
0.818487294148989
0.8180117495565089
0.8175364479989122
0.8170613836948818
0.816586551071036
0.8161119447576705
0.815637559584469
0.815163390576183
0.814689432948293
0.8142156821026545
0.8137421336231349
0.8132687832712485
0.8127956269817931
0.8123226608584972
0.8118498811696786
0.8113772843439242
0.8109048669657928
0.8104326257715464
0.8099605576449159
0.8094886596129021
0.8090169288416207
0.8085453626321916
0.8080739584166768
0.8076027137540722
0.8071316263263532
0.8066606939345805
0.8061899144950673
0.8057192860356086
0.8052488066917787
0.8047784747032962
0.8043082884104586
0.8038382462506505
0.8033683467549226
0.8028985885446482
0.8024289703282532
0.8019594908980239
0.8014901491269919
0.8010209439658972
0.8005518744402298
0.8000829396473492
0.7996141387536836
0.799145470992007
0.7986769356587957
0.798208532111662
0.7977402597668664
0.7972721180969067
0.7968041066281836
0.7963362249387423
0.7958684726560884
0.7954008494550787
0.7949333550558841
0.7944659892220245
0.7939987517584741
0.7935316425098371
0.7930646613585897
0.7925978082233903
0.7921310830574544
0.7916644858469927
0.7911980166097136
0.790731675393384
0.7902654622744512
0.7897993773567219
0.7893334207700985
0.7888675926693677
0.7884018932330453
0.7879363226622701
0.7874708811797486
0.787005569028749
0.7865403864721398
0.7860753337914758
0.7856104112861271
0.7851456192724504
0.7846809580830002
0.7842164280657804
0.7837520295835333
0.7832877630130644
0.7828236287446027
0.7823596271811948
0.7818957587381308
0.7814320238424004
0.7809684229321809
0.780504956456351
0.7800416248740328
0.7795784286541602
0.7791153595716002
0.7786523878680691
0.778189545705999
0.7777268330059258
0.7772642496283612
0.7768017953681451
0.7763394699483356
0.7758772730136005
0.7754152041230746
0.7749532627426464
0.7744914482366327
0.7740297598588002
0.7735681967426873
0.773106757891181
0.772645442165299
0.7721842482721231
0.7717231747518305
0.7712622199637641
0.7708013820714836
0.7703406590267304
0.7698800485522423
0.7694195481233498
0.7689591549482783
0.7684988659470832
0.7680386777291403
0.7675785865691079
0.7671185883812776
0.7666586786922258
0.766198852611678
0.7657391048014877
0.7652794294426398
0.7648198202001772
0.764360270185949
0.7639007719190798
0.7634413172840508
0.7629818974862914
0.762522503005166
0.7620631235442522
0.7616037479787953
0.7611443643002305
0.760684959557661
0.7602255197961815
0.7597660299919365
0.7593064739838091
0.7588468344016317
0.7583870925908183
0.7579272285333208
0.7574672207648179
0.7570070462880453
0.7565466804821952
0.7560860970083083
0.7556252677106001
0.7551641625136699
0.7547027493155581
0.7542409938766265
0.7537788597042551
0.7533163079333706
0.7528532972028344
0.7523897835277481
0.7519257201677535
0.7514610574914383
0.7509957428369813
0.7505297203692123
0.7500629309332926
0.7495953119052655
0.7491267970397718
0.7486573163152657
0.7481867957771303
0.7477151573791391
0.7472423188237749
0.7467681934019869
0.746292689833034
0.7458157121051467
0.7453371593178173
0.7448569255266232
0.7443748995915868
0.7438909650301738
0.74340499987615
0.7429168765456305
0.7424264617117851
0.741933616189796
0.7414381948338057
0.7409400464477428
0.7404390137120669
0.7399349331286368
0.739427634986074
0.7389169433481619
0.738402676067996
0.737884644830772
0.7373626552282717
0.736836506868269
0.7363059935222322
0.7357709033148451
0.7352310189589779
0.7346861180398453
0.7341359733521338
0.7335803532939043
0.7330190223210344
0.7324517414658582
0.7318782689234864
0.7312983607090221
0.7307117713885137
0.7301182548860035
0.7295175653684126
0.7289094582092491
0.7282936910312053
0.7276700248266472
0.7270382251537393
0.726398063404542
0.7257493181398245
0.7250917764835927
0.7244252355684501
0.7237495040208991
0.7230644034736244
0.7223697700896854
0.7216654560814721
0.7209513312053029
0.720227284210736
0.7194932242221448
0.7187490820289146
0.7179948112599018
0.7172303894175983
0.7164558187478737
0.715671126922279
0.7148763675117374
0.7140716202330337
0.7132569909528372
0.7124326114380083
0.7115986388455507
0.7107552549506774
0.7099026651168969
0.7090410970176176
0.7081707991243242
0.7072920389816838
0.7064051012947942
0.7055102858579991
0.7046079053580968
0.7036982830872396
0.7027817506022619
0.7018586453675509
0.7009293084179021
0.699994082076121
0.699053307757561
0.6981073238904515
0.6971564639769243
0.6962010548152839
0.6952414148994477
0.6942778530068048
0.6933106669811494
0.6923401427129978
0.6913665533155968
0.6903901584913873
0.6894112040806344
0.6884299217814366
0.6874465290283684
0.6864612290155887
0.6854742108493304
0.6844856498142302
0.683495707737906
0.6825045334384781
0.6815122632403185
0.6805190215441105
0.6795249214382724
0.6785300653398928
0.6775345456544751
0.6765384454449773
0.6755418391018142
0.6745447930066403
0.6735473661838238
0.6725496109345623
0.6715515734495273
0.6705532943968088
0.6695548094826949
0.6685561499835244
0.6675573432474496
0.6665584131654751
0.6655593806115829
0.6645602638521325
0.6635610789250374
0.662561839989469
0.6615625596470434
0.6605632492356014
0.6595639190968037
0.6585645788188512
0.6575652374556816
0.6565659037240267
0.6555665861797206
0.654567293374631
0.6535680339955657
0.6525688169864683
0.651569651655174
0.6505705477659395
0.6495715156189131
0.6485725661176466
0.6475737108256897
0.6465749620132545
0.6455763326948617
0.6445778366588382
0.6435794884894599
0.6425813035824891
0.6415832981547934
0.6405854892486857
0.6395878947315714
0.6385905332914408
0.6375934244287078
0.6365965884448435
0.6356000464282194
0.6346038202375417
0.6336079324832148
0.6326124065069485
0.6316172663598906
0.6306225367795398
0.6296282431656663
0.6286344115554489
0.6276410685980124
0.6266482415285306
0.6256559581420427
0.6246642467671109
0.6236731362394426
0.6226826558755687
0.6216928354466773
0.620703705152674
0.619715295596542
0.618727637759056
0.6177407629739041
0.6167547029032568
0.6157694895138213
0.6147851550534098
0.6138017320280447
0.6128192531796202
0.6118377514641365
0.6108572600305158
0.6098778122000046
0.6088994414461715
0.6079221813754976
0.6069460657085602
0.6059711282618064
0.6049974029299084
0.6040249236687005
0.6030537244786809
0.602083839389077
0.601115302442459
0.600148147679892
0.5991824091266144
0.5982181207782329
0.5972553165874159
0.596294030451078
0.5953342961980385
0.5943761475771421
0.5934196182458259
0.5924647417591231
0.5915115515590866
0.590560080964619
0.5896103631616976
0.5886624311939792
0.5877163179537748
0.5867720561733754
0.5858296784167242
0.5848892170714165
0.5839507043410186
0.5830141722376931
0.5820796525751195
0.5811471769616985
0.5802167767940305
0.579288483250655
0.5783623272860462
0.5774383396248484
0.5765165507563461
0.5755969909291611
0.57467969014616
0.5737646781595735
0.5728519844663139
0.5719416383034813
0.5710336686440574
0.570128104192771
0.5692249733821382
0.5683243043686594
0.5674261250291769
0.5665304629573807
0.5656373454604587
0.5647467995558846
0.5638588519683414
0.5629735291267685
0.5620908571615346
0.5612108619017291
0.5603335688725652
0.5594590032928931
0.5585871900728175
0.5577181538114198
0.5568519187945721
0.5559885089928501
0.5551279480595337
0.5542702593286954
0.5534154658133743
0.5525635902038294
0.5517146548658722
0.5508686818392767
0.5500256928362592
0.5491857092400335
0.5483487521034307
0.5475148421475902
0.5466839997607098
0.5458562449968639
0.5450315975748804
0.544210076877276
0.5433917019492505
0.5425764914977373
0.5417644638905086
0.540955637155334
0.5401500289791912
0.5393476567075284
0.5385485373435762
0.5377526875477094
0.536960123636856
0.5361708615839547
0.5353849170174569
0.5346023052208767
0.5338230411323848
0.5330471393444466
0.5322746141035055
0.5315054793097085
0.5307397485166745
0.5299774349313069
0.5292185514136454
0.528463110476763
0.527711124286702
0.5269626046624534
0.5262175630759754
0.5254760106522546
0.5247379581694068
0.5240034160588208
0.5232723944053397
0.522544902947486
0.5218209510777257
0.5211005478427744
0.5203837019439431
0.5196704217375266
0.5189607152352325
0.5182545901046502
0.5175520536697643
0.5168531129115073
0.5161577744683561
0.5154660446369694
0.5147779293728694
0.5140934342911659
0.5134125646673221
0.5127353254379666
0.512061721201749
0.5113917562202384
0.5107254344188691
0.5100627593879304
0.5094037343836019
0.5087483623290365
0.5080966458154899
0.5074485871034969
0.5068041881240964
0.5061634504801058
0.5055263754474411
0.5048929639764917
0.5042632166935417
0.5036371339022438
0.5030147155851442
0.5023959614052613
0.5017808707077153
0.501169442521413
0.5005616755607851
0.4999575682275823
0.49935711861272214
0.4987603244981966
0.49816718335903487
0.49757769236532456
0.4969918483842921
0.49640964798244136
0.4958310874277544
0.49525616269195305
0.49468486945282053
0.49411720309658846
0.49355315872038474
0.4929927311347484
0.4924359148662075
0.4918827041599234
0.4913330929824036
0.4907870750242791
0.49024464370315257
0.48970579216651566
0.4891705132947337
0.4886387997041053
0.4881106437499896
0.48758603753000984
0.4870649728873261
0.486547441413986
0.4860334344543463
0.48552294310857413
0.48501595823622057
0.48451247045987444
0.48401247016889204
0.4835159475232057
0.48302289245721186
0.48253329468373884
0.48204714369809454
0.4815644287821955
0.4810851390087787
0.4806092632456934
0.4801367901602773
0.47966770822381577
0.47920200571608496
0.4787396707299775
0.47828069117621486
0.47782505478814385
0.4773727491266181
0.4769237615849643
0.4764780793940372
0.4760356896273559
0.4755965792063299
0.4751607349055704
0.47472814335828617
0.474298791061768
0.4738726643829565
0.4734497495640978
0.4730300327284842
0.47261349988627965
0.47220013694043084
0.47178992969266265
0.4713828638495575
0.4709789250287181
0.4705780987650129
0.4701803705169044
0.4697857256728577
0.4693941495578299
0.46900562743983887
0.4686201445366105
0.4682376860223023
0.4678582370343033
0.46748178268010854
0.46710830804426695
0.46673779819540073
0.4663702381932936
0.46600561309604804
0.4656439079673097
0.4652851078835537
0.46492919794143617
0.4645761632652051
0.4642259890141677
0.46387866039021475
0.46353416264539904
0.4631924810895628
0.4628536010980131
0.4625175081192442
0.4621841876827012
0.4618536254065828
0.4615258070056816
0.46120071829925624
0.46087834521893545
0.4605586738166467
0.46024169027256934
0.4599273809031075
0.45961573216887863
0.45930673068271466
0.45900036321767135
0.4586966167150428
0.45839547829237737
0.4580969352514881
0.4578009750864591
0.45750758549163784
0.4572167543696126
0.45692846983917024
0.45664272024322883
0.4563594941567428
0.4560787803945735
0.4558005680193232
0.4555248463491266
0.4552516049653953
0.45498083372051157
0.45471252274546503
0.4544466624574317
0.45418324356728423
0.4539222570870348
0.4536636943372031
0.4534075469541039
0.45315380689705465
0.4529024664554897
0.45265351825598565
0.45240695526918806
0.4521627708166347
0.45192095857747494
0.4516815125950754
0.4514444272835123
0.4512096974339419
0.4509773182208493
0.4507472852081661
0.45051959435525646
0.4502942420227658
0.4500712249783285
0.4498505404021309
0.44963218589232334
0.44941615947027913
0.4492024595856987
0.4489910851215494
0.44878203539884254
0.44857531018123986
0.44837090967948945
0.44816883455568424
0.44796908592734164
0.44777166537129953
0.4475765749274254
0.44738381710213604
0.4471933948717213
0.4470053116854743
0.4468195714686194
0.44663617862503435
0.4464551380397688
0.4462764550813495
0.4461001356038723
0.4459261859488781
0.4457546129470058
0.44558542391942135
0.4454186266790209
0.4452542295314008
0.445092241275593
0.4449326712045615
0.4447755291054566
0.44462082525962365
0.44446857044235955
0.4443187759224164
0.4441714534612453
0.44402661531197685
0.4438842742181357
0.4437444434120791
0.4436071366131624
0.44347236802561774
0.44334015233614865
0.4432105047112279
0.44308344079409934
0.44295897670147144
0.44283712901990335
0.4427179148018693
0.44260135156150116
0.44248745726999894
0.4423762503507016
0.4422677496738132
0.442161974550774
0.4420589447282701
0.441958680381873
0.44186120210929936
0.4417665309232829
0.4416746882440524
0.44158569589139973
0.44149957607633383
0.44141635139230995
0.4413360448060212
0.44125867964774745
0.44118427960124496
0.44111286869317057
0.44104447128202995
0.440979112046635
0.4409168159740645
0.44085760834711485
0.4408015147312285
0.44074856096089265
0.4406987731254949
0.4406521775546265
0.44060880080282283
0.44056866963372954
0.440531811003687
0.4404982520447198
0.44046802004692853
0.4404411424402671
0.4404176467757047
0.44039756070576075
0.4403809119644091
0.44036772834634264
0.44035803768559734
0.4403518678335273
0.44034924663613073
0.44035020191072594
0.4403547614219747
0.44036295285725535
0.4403748038013856
0.440390341710704
0.44040959388651035
0.4404325874478755
0.44045934930382813
0.440489906124932
0.4405242843142617
0.44056250997780044
0.44060460889426867
0.4406506064844091
0.4407005277797481
0.4407543973908591
0.44081223947515336
0.4408740777042296
0.44093993523081654
0.44100983465533605
0.44108379799213515
0.44116184663541824
0.4412440013249286
0.44133028211142167
0.44142070832197977
0.4415152985252202
0.4416140704964484
0.4417170411828166
0.44182422666854115
0.44193564214024483
0.4420513018524854
0.44217121909353285
0.4422954061514712
0.4424238742806832
0.4425566336687976
0.44269369340416553
0.44283506144394313
0.4429807445828524
0.4431307484226932
0.4432850773426864
0.4434437344707195
0.44360672165557136
0.44377403944018856
0.4439456870360887
0.44412166229896344
0.44430196170554936
0.44448658033183863
0.44467551183269083
0.4448687484229197
0.4450662808599035
0.4452680984277879
0.4454741889233278
0.4456845386434234
0.44589913237439405
0.44611795338303395
0.4463409834094836
0.44656820266195185
0.4467995898133158
0.44703512199961626
0.4472747748204683
0.44751848063049104
0.44776606626049087
0.4480176545696669
0.4482732131826229
0.4485327080558038
0.44879610348003773
0.44906336208437414
0.4493344448411658
0.44960931107233315
0.44988791845674747
0.4501702230386606
0.4504561792371049
0.45074573985618205
0.4510388560961557
0.4513354775652558
0.4516355522921036
0.4519390267386568
0.4522458458135765
0.4525559528859129
0.4528692897990071
0.4531857968845008
0.4535054129763484
0.4538280754247268
0.45415372010973665
0.45448228145478786
0.45481369243957004
0.45514788461250555
0.45548478810258763
0.4558243316305107
0.4561664425190036
0.4565110467022794
0.4568580687345274
0.45720743179736945
0.45755905770622074
0.45791286691549304
0.45826877852259396
0.45862671027068025
0.4589865785501347
0.45934829839874614
0.4597117835005826
0.4600769461835593
0.46044369741571567
0.46081194680022786
0.4611816025691964
0.4615525715762633
0.46192475928812593
0.46229806977503296
0.46267240570036217
0.4630476683093899
0.46342375741739317
0.46380057139722575
0.4641780071665419
0.4645559601748477
0.46493432439058824
0.46531299228848944
0.4656918548374005
0.4660708014888957
0.46644972016691677
0.4668284972587564
0.46720701760770467
0.46758516450769283
0.4679628197002992
0.4683398633744874
0.4687161741694763
0.4690916291811503
0.4694661039724384
0.4698394725881031
0.47021160757439406
0.4705823800040351
0.470951659507014
0.47131931430766116
0.47168521126849916
0.47204921594135063
0.4724111926261837
0.47277100443816944
0.4731285133834171
0.47348358044382943
0.47383606567150416
0.4741858282930771
0.47453272682437264
0.47487661919568114
0.47521736288794236
0.47555481508005704
0.47588883280749295
0.4762192731322732
0.4765459933243754
0.47686885105447496
0.4771877045978822
0.47750241304943164
0.47781283654897067
0.4781188365169984
0.47842027589988745
0.47871701942401135
0.47900893385797816
0.4792958882820567
0.4795777543637636
0.47985440663846124
0.48012572279370624
0.4803915839559817
0.48065187497834505
0.48090648472743547
0.4811553063682067
0.4813982376446815
0.48163518115497816
0.4818660446188203
0.48209074113572903
0.4823091894320949
0.48252131409535315
0.48272704579352776
0.48292632147847137
0.4831190845712159
0.48330528512795556
0.48348487998529865
0.4836578328835818
0.4838241145671832
0.48398370286095926
0.48413658272209703
0.4842827462668924
0.48442219277214116
0.48455492865105043
0.48468096740378364
0.4848003295429444
0.48491304249451894
0.48501914047497663
0.48511866434541084
0.4852116614437725
0.48529818539639935
0.4853782959101768
0.48545205854679074
0.4855195444806222
0.48558083024191934
0.4856359974469382
0.4856851325167776
0.4857283263866643
0.4857656742074281
0.4857972750409041
0.48582323155095497
0.48584364969176386
0.4858586383949771
0.4858683092572119
0.485872776229353
0.4858721553089673
0.4858665642370785
0.4858561222004244
0.4858409495402225
0.4858211674683618
0.48579689779182467
0.4857682626460387
0.48573538423775764
0.4856983845979592
0.48565738534516123
0.48561250745945794
0.485563871067495
0.48551159523852017
0.4854557977915681
0.48539659511377886
0.4853341019897711
0.4852684314419574
0.48519969458161427
0.4851280004704991
0.4850534559927516
0.484976165736797
0.48489623188692965
0.484813754124248
0.48472882953658103
0.4846415525370428
0.4845520147908349
0.4844603051499192
0.4843665095951726
0.4842707111856409
0.4841729900145103
0.4840734231714191
0.4839720847107374
0.48386904562545874
0.4837643738263445
0.48365813412598757
0.4835503882274578
0.4834411947172207
0.4833306090620211
0.4832186836094413
0.4831054675918619
0.482991007133559
0.48287534526069154
0.4827585219139444
0.4826405739636075
0.4825215352268858
0.4824014364872422
0.4822803055156005
0.48215816709323756
0.48203504303621036
0.4819109522211795
0.4817859106124931
0.48165993129041784
0.48153302448040913
0.48140519758331757
0.48127645520645224
0.48114679919541914
0.4810162286666696
0.4808847400406966
0.48075232707583415
0.4806189809026137
0.4804846900586459
0.4803494405239991
0.4802132157570589
0.4800759967308531
0.4799377619698362
0.4797984875871357
0.47965814732226164
0.47951671257929607
0.4793741524655728
0.4792304338308734
0.47908552130715754
0.4789393773488654
0.47879196227381915
0.47864323430476063
0.47849314961156475
0.47834166235417075
0.4781887247262764
0.4780342869998364
0.4778782975704202
0.47772070300346803
0.47756144808150547
0.477400475852355
0.4772377276784038
0.4770731432869698
0.4769066608218192
0.4767382168958766
0.4765677466451782
0.4763951837841063
0.47622046066194657
0.47604350832080267
0.47586425655490205
0.4756826339713207
0.4754985680521482
0.47531198521811213
0.4751228108936737
0.4749309695735986
0.4747363848910049
0.47453897968687286
0.47433867608100777
0.4741353955444251
0.47392905897312776
0.4737195867632302
0.47350689888738173
0.4732909149724229
0.473071554378209
0.4728487362775129
0.4726223797369232
0.4723924037986327
0.4721587275630025
0.47192127027178776
0.47167995139188557
0.471434690699469
0.4711854083643563
0.4709320250344544
0.470674461920109
0.4704126408781889
0.4701464844957204
0.4698759161728825
0.46960086020517144
0.46932124186453705
0.4690369874792859
0.46874802451255315
0.4684542816391346
0.4681556888204781
0.46785217737762796
0.46754368006192726
0.46723013112327894
0.46691146637577763
0.4665876232605277
0.4662585409054739
0.46592416018207894
0.46558442375869014
0.46523927615045824
0.46488866376567317
0.46453253494840197
0.4641708400173292
0.46380353130071406
0.46343056316739406
0.4630518920537866
0.4626674764868487
0.4622772771029846
0.4618812566628976
0.4614793800624061
0.4610716143392646
0.4606579286760345
0.4602382943990876
0.45981268497382033
0.4593810759961845
0.45894344518065533
0.45849977234476336
0.45805003939033884
0.45759423028162194
0.4571323310204074
0.45666432961839676
0.4561902160669453
0.45570998230438964
0.4552236221811544
0.4547311314228354
0.45423250759146105
0.4537277500451342
0.4532168598962574
0.452699839968541
0.45217669475299305
0.4516474303630863
0.45111205448928915
0.4505705763531471
0.45002300666109085
0.44946935755813955
0.44890964258166255
0.448343876615353
0.44777207584355416
0.44719425770607724
0.4466104408536311
0.446020645103981
0.4454248913989398
0.44482320176228685
0.4442155992586969
0.44360210795375554
0.44298275287512356
0.4423575599749068
0.44172655609327727
0.4410897689233809
0.4404472269775622
0.439798959554925
0.4391449967102439
0.43848536922423
0.4378201085751525
0.4371492469118071
0.4364728170278217
0.4357908523372781
0.43510338685163286
0.4344104551579052
0.4337120923981076
0.4330083342498837
0.4322992169083183
0.43158477706888165
0.4308650519114706
0.430140079085503
0.4294098966960235
0.42867454329078114
0.42793405784823224
0.4271884797664258
0.42643784885272895
0.42568220531434997
0.42492158974961447
0.4241560431399555
0.4233856068425752
0.4226103225837373
0.42183023245265594
0.4210453788959371
0.4202558047125431
0.41946155304924126
0.4186626673965034
0.4178591915848272
0.41705116978144663
0.41623864648740416
0.41542166653495505
0.4146002750852803
0.41377451762648376
0.4129444399718484
0.41211008825833007
0.41127150894527265
0.4104287488133206
0.4095818549635114
0.4087308748165377
0.40787585611215504
0.40701684690872586
0.4061538955828886
0.4052870508293318
0.40441636166067185
0.403541877407416
0.4026636477180049
0.4017817225589254
0.4008961522148845
0.4000069872890377
0.39911427870326577
0.3982180776984916
0.39731843583503434
0.3964154049929929
0.39550903737265375
0.3945993854949257
0.39368650220178414
0.39277044065673683
0.39185125434529544
0.3909289970754575
0.39000372297819175
0.38907548603450415
0.3881443397434745
0.3872103411821486
0.3862735457606996
0.3853340092156614
0.3843917876103924
0.3834469373355266
0.3824995151094064
0.3815495779785
0.38059718331780124
0.37964238883121415
0.3786852525519182
0.37772583284271666
0.37676418839636683
0.37580037823589174
0.3748344617148711
0.37386649851771525
0.3728965486599155
0.37192467248827576
0.37095093068112106
0.36997538424848364
0.36899809453226695
0.3680191232063831
0.36703853227686845
0.36605638408196906
0.36507274129220424
0.36408766691039807
0.36310122427168345
0.36211347704347796
0.3611244892254255
0.36013432514930777
0.3591430494789224
0.358150727209926
0.3571574236696411
0.3561632045168266
0.35516813574140926
0.35417228366417697
0.3531757149364271
0.35217849653957845
0.35118069578473177
0.35018238031219073
0.3491836180909321
0.3481844774180297
0.3471850269180252
0.34618533554225017
0.34518547256809107
0.3441855075982012
0.34318551055965396
0.3421855517030372
0.3411857016014863
0.3401860311496553
0.339186611562621
0.33818751437472094
0.33718881143832224
0.3361905749225197
0.3351928773117573
0.33419579140437783
0.33319939031109047
0.33220374745336034
0.33120893656171324
0.33021503167395483
0.32922210713330236
0.32823023758642456
0.32723949798138763
0.3262499635655053
0.32526170988308833
0.3242748127730928
0.32328934836666123
0.3223053930845574
0.3213230236344857
0.32034231700830007
0.31936335047908915
0.3183862015981427
0.3174109481917923
0.3164376683581206
0.31546644046353967
0.31449734313923083
0.31353045527744505
0.31256585602765696
0.3116036247925711
0.31064384122397304
0.3096865852184256
0.30873193691279854
0.30777997667963597
0.3068307851223486
0.3058844430702319
0.30494103157330144
0.30400063189694293
0.30306332551636916
0.3021291941108817
0.30119831955792853
0.30027078392695494
0.29934666947303934
0.29842605863025806
0.2975090340050277
0.2965956783689334
0.2956860746514707
0.294780305932534
0.29387845543464564
0.2929806065149212
0.2920868426567753
0.291197247461354
0.29031190463868617
0.2894308979985538
0.28855431144106314
0.2876822289469205
0.2868147345673928
0.28595191241395734
0.2850938466476227
0.28424062146791673
0.28339232110153567
0.2825490297906401
0.28171083178079415
0.28087781130853484
0.28005005258856674
0.2792276398005704
0.2784106570756135
0.2775991884821607
0.2767933180116653
0.27599312956374056
0.2751987069308941
0.2744101337828202
0.273627493650237
0.27285086990825946
0.2720803457592973
0.27131600421546764
0.27055792808051327
0.2698061999312109
0.2690609020982644
0.26832211664667116
0.2675899253555434
0.266864409697386
0.26614565081680963
0.2654337295086717
0.2647287261956335
0.2640307209051249
0.2633397932457009
0.2626560223827843
0.26197948701377793
0.26131026534254165
0.2606484350532181
0.2599940732833994
0.25934725659662217
0.2587080609541863
0.2580765616862768
0.25745283346239045
0.25683695026104925
0.256228985338796
0.25562901119846004
0.25503709955668796
0.25445332131072784
0.2538777465044604
0.25331044429367156
0.25275148291055793
0.25220092962745877
0.2516588507198123
0.2511253114283256
0.25060037592036366
0.25008410725054353
0.249576567320539
0.24907781683809427
0.24858791527524216
0.2481069208257305
0.24763489036165987
0.24717187938933338
0.2467179420043255
0.2462731308457733
0.2458374970499011
0.24541109020278395
0.2449939582923628
0.24458614765972397
0.24418770294965508
0.2437986670604968
0.24341908109330368
0.2430489843003416
0.24268841403293662
0.24233740568870443
0.24199599265818672
0.241664206270924
0.24134207574099653
0.24102962811206785
0.2407268882019713
0.2404338785468758
0.24015061934507909
0.23987712840046949
0.23961342106571237
0.23935951018520774
0.2391154060378815
0.23888111627986341
0.23865664588712354
0.23844199709812308
0.23823716935656103
0.23804215925428407
0.23785696047443805
0.23768156373494742
0.23751595673240256
0.23736012408644935
0.2372140472847719
0.23707770462876931
0.23695107118002245
0.23683411870766702
0.23672681563677123
0.23662912699784266
0.23654101437757835
0.23646243587098237
0.23639334603497897
0.23633369584365238
0.23628343264525165
0.23624250012110126
0.2362108382465633
0.236188383254202
0.23617506759930706
0.23617081992793842
0.23617556504765513
0.23618922390110497
0.23621171354265047
0.23624294711821703
0.2362828338485532
0.23633127901610296
0.23638818395569694
0.23645344604927399
0.23652695872486018
0.2366086114600392
0.23669828979015528
0.23679587532151092
0.23690124574982274
0.23701427488422633
0.2371348326771252
0.2372627852602025
0.23739799498693315
0.23754032048195417
0.23768961669766786
0.2378457349784906
0.2380085231331721
0.23817782551564948
0.2383534831149252
0.23853533365449642
0.23872321170189537
0.238916948788938
0.23911637354332038
0.23932131183223948
0.2395315869187593
0.239747019631686
0.23996742854975506
0.24019263020098047
0.24042243927804563
0.24065666887066195
0.24089513071584445
0.2411376354670729
0.24138399298333324
0.24163401263901396
0.24188750365563383
0.24214427545632589
0.24240413804394634
0.24266690240357702
0.24293238093006408
0.2432003878810367
0.24347073985564038
0.2437432562988895
0.24401776003117948
0.2442940778020095
0.24457204086639361
0.24485148558170455
0.24513225402184258
0.24541419460455316
0.245697162726481
0.24598102139903122
0.2462656418763336
0.246550904264486
0.24683669809875664
0.24712292287246806
0.24740948849782152
0.24769631567481154
0.24798333613958357
0.24827049275790558
0.2485577394227303
0.24884504070690783
0.24913237121262655
0.24941971454772593
0.2497070618447328
